capture_ts,target_dte,actual_dte,symbol,underlying,expiration,type,strike,bid,bid_size,ask,ask_size,mid,last_price,last_size,implied_vol,delta,gamma,theta,vega,rho,und_session_date,und_open,und_high,und_low,und_close,und_volume,und_vwap
2026-07-13T20:33:56.383,2,4,JPM260717C00150000,JPM,2026-07-17,call,150.0,180.59,10.0,188.31,22.0,184.45,,,,,,,,,2026-07-13,338.18,338.18,332.595,334.6,238624.0,334.521033
2026-07-13T20:33:56.383,2,4,JPM260717C00155000,JPM,2026-07-17,call,155.0,178.05,5.0,183.16,18.0,180.60500000000002,,,,,,,,,2026-07-13,338.18,338.18,332.595,334.6,238624.0,334.521033
2026-07-13T20:33:56.383,2,4,JPM260717C00160000,JPM,2026-07-17,call,160.0,175.77,2.0,179.72,8.0,177.745,175.18,45.0,,,,,,,2026-07-13,338.18,338.18,332.595,334.6,238624.0,334.521033
2026-07-13T20:33:56.383,2,4,JPM260717C00165000,JPM,2026-07-17,call,165.0,164.93,6.0,169.45,21.0,167.19,167.69,20.0,,,,,,,2026-07-13,338.18,338.18,332.595,334.6,238624.0,334.521033
2026-07-13T20:33:56.383,2,4,JPM260717C00170000,JPM,2026-07-17,call,170.0,161.98,3.0,165.08,12.0,163.53,164.0,1.0,,,,,,,2026-07-13,338.18,338.18,332.595,334.6,238624.0,334.521033
2026-07-13T20:33:56.383,2,4,JPM260717C00175000,JPM,2026-07-17,call,175.0,155.62,6.0,161.65,8.0,158.635,159.0,1.0,,,,,,,2026-07-13,338.18,338.18,332.595,334.6,238624.0,334.521033
2026-07-13T20:33:56.383,2,4,JPM260717C00180000,JPM,2026-07-17,call,180.0,152.68,1.0,153.91,14.0,153.29500000000002,155.25,5.0,,,,,,,2026-07-13,338.18,338.18,332.595,334.6,238624.0,334.521033
2026-07-13T20:33:56.383,2,4,JPM260717C00185000,JPM,2026-07-17,call,185.0,148.61,1.0,153.94,10.0,151.275,148.07,5.0,,,,,,,2026-07-13,338.18,338.18,332.595,334.6,238624.0,334.521033
2026-07-13T20:33:56.383,2,4,JPM260717C00190000,JPM,2026-07-17,call,190.0,143.97,5.0,144.86,21.0,144.41500000000002,143.8,1.0,,,,,,,2026-07-13,338.18,338.18,332.595,334.6,238624.0,334.521033
2026-07-13T20:33:56.383,2,4,JPM260717C00195000,JPM,2026-07-17,call,195.0,137.79,2.0,141.38,7.0,139.58499999999998,137.88,2.0,,,,,,,2026-07-13,338.18,338.18,332.595,334.6,238624.0,334.521033
2026-07-13T20:33:56.383,2,4,JPM260717C00200000,JPM,2026-07-17,call,200.0,133.8,5.0,139.64,12.0,136.72,133.69,35.0,,,,,,,2026-07-13,338.18,338.18,332.595,334.6,238624.0,334.521033
2026-07-13T20:33:56.383,2,4,JPM260717C00205000,JPM,2026-07-17,call,205.0,128.759,1.0,133.67,9.0,131.2145,129.4,5.0,,,,,,,2026-07-13,338.18,338.18,332.595,334.6,238624.0,334.521033
2026-07-13T20:33:56.383,2,4,JPM260717C00210000,JPM,2026-07-17,call,210.0,124.73,5.0,127.68,21.0,126.20500000000001,123.5,25.0,,,,,,,2026-07-13,338.18,338.18,332.595,334.6,238624.0,334.521033
2026-07-13T20:33:56.383,2,4,JPM260717C00215000,JPM,2026-07-17,call,215.0,117.29,3.0,124.09,7.0,120.69,118.95,45.0,,,,,,,2026-07-13,338.18,338.18,332.595,334.6,238624.0,334.521033
2026-07-13T20:33:56.383,2,4,JPM260717C00220000,JPM,2026-07-17,call,220.0,113.97,1.0,118.52,7.0,116.245,113.95,25.0,,,,,,,2026-07-13,338.18,338.18,332.595,334.6,238624.0,334.521033
2026-07-13T20:33:56.383,2,4,JPM260717C00225000,JPM,2026-07-17,call,225.0,109.11,1.0,111.85,5.0,110.47999999999999,108.95,25.0,,,,,,,2026-07-13,338.18,338.18,332.595,334.6,238624.0,334.521033
2026-07-13T20:33:56.383,2,4,JPM260717C00230000,JPM,2026-07-17,call,230.0,101.76,7.0,107.54,11.0,104.65,104.0,35.0,,,,,,,2026-07-13,338.18,338.18,332.595,334.6,238624.0,334.521033
2026-07-13T20:33:56.383,2,4,JPM260717C00235000,JPM,2026-07-17,call,235.0,97.03,1.0,100.85,1.0,98.94,98.95,45.0,,,,,,,2026-07-13,338.18,338.18,332.595,334.6,238624.0,334.521033
2026-07-13T20:33:56.383,2,4,JPM260717C00240000,JPM,2026-07-17,call,240.0,94.93,5.0,98.77,1.0,96.85,93.6,65.0,,,,,,,2026-07-13,338.18,338.18,332.595,334.6,238624.0,334.521033
2026-07-13T20:33:56.383,2,4,JPM260717C00245000,JPM,2026-07-17,call,245.0,88.74,1.0,92.82,6.0,90.78,88.65,100.0,,,,,,,2026-07-13,338.18,338.18,332.595,334.6,238624.0,334.521033
2026-07-13T20:33:56.383,2,4,JPM260717C00250000,JPM,2026-07-17,call,250.0,82.47,5.0,88.69,5.0,85.58,87.5,2.0,,,,,,,2026-07-13,338.18,338.18,332.595,334.6,238624.0,334.521033
2026-07-13T20:33:56.383,2,4,JPM260717C00255000,JPM,2026-07-17,call,255.0,77.97,1.0,81.19,6.0,79.58,78.9,35.0,,,,,,,2026-07-13,338.18,338.18,332.595,334.6,238624.0,334.521033
2026-07-13T20:33:56.383,2,4,JPM260717C00260000,JPM,2026-07-17,call,260.0,72.31,1.0,78.43,1.0,75.37,74.5,4.0,,,,,,,2026-07-13,338.18,338.18,332.595,334.6,238624.0,334.521033
2026-07-13T20:33:56.383,2,4,JPM260717C00265000,JPM,2026-07-17,call,265.0,69.0,1.0,73.16,6.0,71.08,69.15,60.0,,,,,,,2026-07-13,338.18,338.18,332.595,334.6,238624.0,334.521033
2026-07-13T20:33:56.383,2,4,JPM260717C00270000,JPM,2026-07-17,call,270.0,62.95,8.0,66.79,7.0,64.87,68.81,5.0,,,,,,,2026-07-13,338.18,338.18,332.595,334.6,238624.0,334.521033
2026-07-13T20:33:56.383,2,4,JPM260717C00275000,JPM,2026-07-17,call,275.0,58.62,1.0,63.13,6.0,60.875,59.35,60.0,,,,,,,2026-07-13,338.18,338.18,332.595,334.6,238624.0,334.521033
2026-07-13T20:33:56.383,2,4,JPM260717C00280000,JPM,2026-07-17,call,280.0,52.7,7.0,56.46,1.0,54.58,60.0,1.0,,,,,,,2026-07-13,338.18,338.18,332.595,334.6,238624.0,334.521033
2026-07-13T20:33:56.383,2,4,JPM260717C00285000,JPM,2026-07-17,call,285.0,47.57,5.0,53.2,6.0,50.385000000000005,51.77,1.0,0.8954,0.9615,0.0027,-0.3547,0.0293,0.0298,2026-07-13,338.18,338.18,332.595,334.6,238624.0,334.521033
2026-07-13T20:33:56.383,2,4,JPM260717C00290000,JPM,2026-07-17,call,290.0,43.6,5.0,47.27,8.0,45.435,42.73,2.0,0.8303,0.9554,0.0032,-0.3694,0.033,0.0301,2026-07-13,338.18,338.18,332.595,334.6,238624.0,334.521033
2026-07-13T20:33:56.383,2,4,JPM260717C00295000,JPM,2026-07-17,call,295.0,37.65,1.0,41.57,1.0,39.61,39.93,1.0,,,,,,,2026-07-13,338.18,338.18,332.595,334.6,238624.0,334.521033
2026-07-13T20:33:56.383,2,4,JPM260717C00300000,JPM,2026-07-17,call,300.0,33.08,32.0,36.85,26.0,34.965,34.3,2.0,0.4767,0.9871,0.002,-0.0986,0.0116,0.0324,2026-07-13,338.18,338.18,332.595,334.6,238624.0,334.521033
2026-07-13T20:33:56.383,2,4,JPM260717C00302500,JPM,2026-07-17,call,302.5,30.39,6.0,34.05,119.0,32.22,32.55,10.0,,,,,,,2026-07-13,338.18,338.18,332.595,334.6,238624.0,334.521033
2026-07-13T20:33:56.383,2,4,JPM260717C00305000,JPM,2026-07-17,call,305.0,28.14,3.0,32.49,77.0,30.315,30.02,1.0,0.5557,0.9492,0.0054,-0.2829,0.0366,0.0315,2026-07-13,338.18,338.18,332.595,334.6,238624.0,334.521033
2026-07-13T20:33:56.383,2,4,JPM260717C00307500,JPM,2026-07-17,call,307.5,25.93,4.0,30.35,6.0,28.14,27.67,1.0,0.5886,0.9216,0.0071,-0.4051,0.0513,0.0307,2026-07-13,338.18,338.18,332.595,334.6,238624.0,334.521033
2026-07-13T20:33:56.383,2,4,JPM260717C00310000,JPM,2026-07-17,call,310.0,23.64,26.0,27.02,201.0,25.33,25.0,10.0,0.4805,0.9408,0.007,-0.277,0.0413,0.0317,2026-07-13,338.18,338.18,332.595,334.6,238624.0,334.521033
2026-07-13T20:33:56.383,2,4,JPM260717C00312500,JPM,2026-07-17,call,312.5,20.99,6.0,24.8,6.0,22.895,22.86,1.0,0.455,0.9302,0.0084,-0.2955,0.0469,0.0316,2026-07-13,338.18,338.18,332.595,334.6,238624.0,334.521033
2026-07-13T20:33:56.383,2,4,JPM260717C00315000,JPM,2026-07-17,call,315.0,20.04,5.0,22.09,34.0,21.064999999999998,20.81,1.0,0.5224,0.8744,0.0113,-0.4995,0.0724,0.0298,2026-07-13,338.18,338.18,332.595,334.6,238624.0,334.521033
2026-07-13T20:33:56.383,2,4,JPM260717C00317500,JPM,2026-07-17,call,317.5,17.13,17.0,19.47,15.0,18.299999999999997,17.31,1.0,0.4382,0.8822,0.0129,-0.4065,0.0692,0.0304,2026-07-13,338.18,338.18,332.595,334.6,238624.0,334.521033
2026-07-13T20:33:56.383,2,4,JPM260717C00320000,JPM,2026-07-17,call,320.0,15.95,7.0,17.17,90.0,16.560000000000002,16.8,1.0,0.4833,0.8225,0.0154,-0.5763,0.0911,0.0284,2026-07-13,338.18,338.18,332.595,334.6,238624.0,334.521033
2026-07-13T20:33:56.383,2,4,JPM260717C00322500,JPM,2026-07-17,call,322.5,12.59,59.0,14.59,130.0,13.59,14.47,1.0,0.3792,0.8341,0.0187,-0.4401,0.0873,0.0291,2026-07-13,338.18,338.18,332.595,334.6,238624.0,334.521033
2026-07-13T20:33:56.383,2,4,JPM260717C00325000,JPM,2026-07-17,call,325.0,11.82,3.0,12.77,93.0,12.295,12.32,2.0,0.4438,0.7483,0.0205,-0.6436,0.1118,0.0261,2026-07-13,338.18,338.18,332.595,334.6,238624.0,334.521033
2026-07-13T20:33:56.383,2,4,JPM260717C00327500,JPM,2026-07-17,call,327.5,9.72,11.0,10.85,12.0,10.285,10.37,1.0,0.4236,0.7006,0.0234,-0.6668,0.1217,0.0246,2026-07-13,338.18,338.18,332.595,334.6,238624.0,334.521033
2026-07-13T20:33:56.383,2,4,JPM260717C00330000,JPM,2026-07-17,call,330.0,8.37,1.0,8.96,21.0,8.665,8.75,3.0,0.4247,0.6383,0.0252,-0.7174,0.1313,0.0225,2026-07-13,338.18,338.18,332.595,334.6,238624.0,334.521033
2026-07-13T20:33:56.383,2,4,JPM260717C00332500,JPM,2026-07-17,call,332.5,6.59,122.0,7.43,136.0,7.01,7.3,1.0,0.4113,0.5749,0.0272,-0.7245,0.1373,0.0203,2026-07-13,338.18,338.18,332.595,334.6,238624.0,334.521033
2026-07-13T20:33:56.383,2,4,JPM260717C00335000,JPM,2026-07-17,call,335.0,5.27,63.0,5.66,16.0,5.465,5.58,4.0,0.3943,0.5054,0.0289,-0.7053,0.1398,0.0179,2026-07-13,338.18,338.18,332.595,334.6,238624.0,334.521033
2026-07-13T20:33:56.383,2,4,JPM260717C00337500,JPM,2026-07-17,call,337.5,4.18,54.0,4.67,32.0,4.425,4.6,3.0,0.401,0.4352,0.028,-0.7056,0.138,0.0155,2026-07-13,338.18,338.18,332.595,334.6,238624.0,334.521033
2026-07-13T20:33:56.383,2,4,JPM260717C00340000,JPM,2026-07-17,call,340.0,3.2,75.0,3.47,27.0,3.335,3.47,1.0,0.3913,0.3638,0.0274,-0.6554,0.1316,0.013,2026-07-13,338.18,338.18,332.595,334.6,238624.0,334.521033
2026-07-13T20:33:56.383,2,4,JPM260717C00342500,JPM,2026-07-17,call,342.5,2.46,44.0,2.75,54.0,2.605,2.6,1.0,0.3963,0.3015,0.0251,-0.6147,0.1221,0.0108,2026-07-13,338.18,338.18,332.595,334.6,238624.0,334.521033
2026-07-13T20:33:56.383,2,4,JPM260717C00345000,JPM,2026-07-17,call,345.0,1.77,67.0,1.97,32.0,1.87,1.95,3.0,0.3881,0.2386,0.0228,-0.5345,0.1086,0.0085,2026-07-13,338.18,338.18,332.595,334.6,238624.0,334.521033
2026-07-13T20:33:56.383,2,4,JPM260717C00347500,JPM,2026-07-17,call,347.5,1.26,78.0,1.44,51.0,1.35,1.33,2.0,0.3861,0.1858,0.0198,-0.4588,0.0938,0.0067,2026-07-13,338.18,338.18,332.595,334.6,238624.0,334.521033
2026-07-13T20:33:56.383,2,4,JPM260717C00350000,JPM,2026-07-17,call,350.0,0.89,23.0,0.97,5.0,0.9299999999999999,0.95,2.0,0.3815,0.1391,0.0166,-0.3749,0.0777,0.005,2026-07-13,338.18,338.18,332.595,334.6,238624.0,334.521033
2026-07-13T20:33:56.383,2,4,JPM260717C00352500,JPM,2026-07-17,call,352.5,0.61,33.0,0.68,34.0,0.645,0.66,2.0,0.381,0.1031,0.0134,-0.3028,0.0629,0.0037,2026-07-13,338.18,338.18,332.595,334.6,238624.0,334.521033
2026-07-13T20:33:56.383,2,4,JPM260717C00355000,JPM,2026-07-17,call,355.0,0.45,90.0,0.49,35.0,0.47,0.45,1.0,0.387,0.0781,0.0108,-0.2499,0.0511,0.0028,2026-07-13,338.18,338.18,332.595,334.6,238624.0,334.521033
2026-07-13T20:33:56.383,2,4,JPM260717C00357500,JPM,2026-07-17,call,357.5,0.31,92.0,0.32,82.0,0.315,0.32,1.0,0.3866,0.0555,0.0083,-0.1917,0.0393,0.002,2026-07-13,338.18,338.18,332.595,334.6,238624.0,334.521033
2026-07-13T20:33:56.383,2,4,JPM260717C00360000,JPM,2026-07-17,call,360.0,0.23,9.0,0.26,91.0,0.245,0.24,3.0,0.3986,0.0435,0.0066,-0.1626,0.0324,0.0016,2026-07-13,338.18,338.18,332.595,334.6,238624.0,334.521033
2026-07-13T20:33:56.383,2,4,JPM260717C00362500,JPM,2026-07-17,call,362.5,0.12,1.0,0.21,188.0,0.16499999999999998,0.19,1.0,0.4,0.0307,0.005,-0.1227,0.0243,0.0011,2026-07-13,338.18,338.18,332.595,334.6,238624.0,334.521033
2026-07-13T20:33:56.383,2,4,JPM260717C00365000,JPM,2026-07-17,call,365.0,0.12,202.0,0.17,293.0,0.14500000000000002,0.12,10.0,0.4195,0.0263,0.0042,-0.113,0.0214,0.0009,2026-07-13,338.18,338.18,332.595,334.6,238624.0,334.521033
2026-07-13T20:33:56.383,2,4,JPM260717C00367500,JPM,2026-07-17,call,367.5,0.03,1.0,0.12,1.0,0.075,0.09,10.0,0.4053,0.0151,0.0027,-0.0681,0.0133,0.0005,2026-07-13,338.18,338.18,332.595,334.6,238624.0,334.521033
2026-07-13T20:33:56.383,2,4,JPM260717C00370000,JPM,2026-07-17,call,370.0,0.0,0.0,0.07,8.0,0.035,0.07,1.0,,,,,,,2026-07-13,338.18,338.18,332.595,334.6,238624.0,334.521033
2026-07-13T20:33:56.383,2,4,JPM260717C00372500,JPM,2026-07-17,call,372.5,0.0,0.0,0.58,162.0,0.29,0.05,1.0,,,,,,,2026-07-13,338.18,338.18,332.595,334.6,238624.0,334.521033
2026-07-13T20:33:56.383,2,4,JPM260717C00375000,JPM,2026-07-17,call,375.0,0.01,5.0,0.08,1.0,0.045,0.04,1.0,0.4496,0.0087,0.0015,-0.0467,0.0083,0.0003,2026-07-13,338.18,338.18,332.595,334.6,238624.0,334.521033
2026-07-13T20:33:56.383,2,4,JPM260717C00377500,JPM,2026-07-17,call,377.5,0.0,0.0,0.13,1.0,0.065,0.05,1.0,,,,,,,2026-07-13,338.18,338.18,332.595,334.6,238624.0,334.521033
2026-07-13T20:33:56.383,2,4,JPM260717C00380000,JPM,2026-07-17,call,380.0,0.03,10.0,0.05,3.0,0.04,0.03,3.0,0.4884,0.0072,0.0012,-0.0432,0.007,0.0003,2026-07-13,338.18,338.18,332.595,334.6,238624.0,334.521033
2026-07-13T20:33:56.383,2,4,JPM260717C00385000,JPM,2026-07-17,call,385.0,0.0,0.0,0.05,1.0,0.025,0.02,1.0,,,,,,,2026-07-13,338.18,338.18,332.595,334.6,238624.0,334.521033
2026-07-13T20:33:56.383,2,4,JPM260717C00390000,JPM,2026-07-17,call,390.0,0.0,0.0,0.01,7.0,0.005,0.01,5.0,,,,,,,2026-07-13,338.18,338.18,332.595,334.6,238624.0,334.521033
2026-07-13T20:33:56.383,2,4,JPM260717C00395000,JPM,2026-07-17,call,395.0,0.0,0.0,0.07,3.0,0.035,0.08,1.0,,,,,,,2026-07-13,338.18,338.18,332.595,334.6,238624.0,334.521033
2026-07-13T20:33:56.383,2,4,JPM260717C00400000,JPM,2026-07-17,call,400.0,0.0,0.0,0.06,3.0,0.03,0.17,13.0,,,,,,,2026-07-13,338.18,338.18,332.595,334.6,238624.0,334.521033
2026-07-13T20:33:56.383,2,4,JPM260717C00405000,JPM,2026-07-17,call,405.0,0.0,0.0,0.31,189.0,0.155,0.01,1.0,,,,,,,2026-07-13,338.18,338.18,332.595,334.6,238624.0,334.521033
2026-07-13T20:33:56.383,2,4,JPM260717C00410000,JPM,2026-07-17,call,410.0,0.0,0.0,0.07,3.0,0.035,0.02,1.0,,,,,,,2026-07-13,338.18,338.18,332.595,334.6,238624.0,334.521033
2026-07-13T20:33:56.383,2,4,JPM260717C00415000,JPM,2026-07-17,call,415.0,0.0,0.0,2.15,229.0,1.075,0.07,10.0,,,,,,,2026-07-13,338.18,338.18,332.595,334.6,238624.0,334.521033
2026-07-13T20:33:56.383,2,4,JPM260717C00420000,JPM,2026-07-17,call,420.0,0.0,0.0,0.07,10.0,0.035,0.1,1.0,,,,,,,2026-07-13,338.18,338.18,332.595,334.6,238624.0,334.521033
2026-07-13T20:33:56.383,2,4,JPM260717C00425000,JPM,2026-07-17,call,425.0,0.0,0.0,2.15,151.0,1.075,0.21,1.0,,,,,,,2026-07-13,338.18,338.18,332.595,334.6,238624.0,334.521033
2026-07-13T20:33:56.383,2,4,JPM260717C00430000,JPM,2026-07-17,call,430.0,0.0,0.0,0.56,130.0,0.28,0.07,1.0,,,,,,,2026-07-13,338.18,338.18,332.595,334.6,238624.0,334.521033
2026-07-13T20:33:56.383,2,4,JPM260717C00435000,JPM,2026-07-17,call,435.0,0.0,0.0,0.47,1.0,0.235,0.44,3.0,,,,,,,2026-07-13,338.18,338.18,332.595,334.6,238624.0,334.521033
2026-07-13T20:33:56.383,2,4,JPM260717C00440000,JPM,2026-07-17,call,440.0,0.0,0.0,2.15,6.0,1.075,0.17,1.0,,,,,,,2026-07-13,338.18,338.18,332.595,334.6,238624.0,334.521033
2026-07-13T20:33:56.383,2,4,JPM260717C00445000,JPM,2026-07-17,call,445.0,0.0,0.0,0.01,1.0,0.005,0.25,1.0,,,,,,,2026-07-13,338.18,338.18,332.595,334.6,238624.0,334.521033
2026-07-13T20:33:56.383,2,4,JPM260717C00450000,JPM,2026-07-17,call,450.0,0.0,0.0,2.15,299.0,1.075,0.01,1.0,,,,,,,2026-07-13,338.18,338.18,332.595,334.6,238624.0,334.521033
2026-07-13T20:33:56.383,2,4,JPM260717C00455000,JPM,2026-07-17,call,455.0,0.0,0.0,0.07,20.0,0.035,0.21,1.0,,,,,,,2026-07-13,338.18,338.18,332.595,334.6,238624.0,334.521033
2026-07-13T20:33:56.383,2,4,JPM260717C00460000,JPM,2026-07-17,call,460.0,0.0,0.0,0.01,11.0,0.005,0.18,1.0,,,,,,,2026-07-13,338.18,338.18,332.595,334.6,238624.0,334.521033
2026-07-13T20:33:56.383,2,4,JPM260717P00150000,JPM,2026-07-17,put,150.0,0.0,0.0,0.01,500.0,0.005,0.13,1.0,,,,,,,2026-07-13,338.18,338.18,332.595,334.6,238624.0,334.521033
2026-07-13T20:33:56.383,2,4,JPM260717P00155000,JPM,2026-07-17,put,155.0,0.0,0.0,0.03,9500.0,0.015,0.02,1.0,,,,,,,2026-07-13,338.18,338.18,332.595,334.6,238624.0,334.521033
2026-07-13T20:33:56.383,2,4,JPM260717P00160000,JPM,2026-07-17,put,160.0,0.0,0.0,0.01,9500.0,0.005,0.16,1.0,,,,,,,2026-07-13,338.18,338.18,332.595,334.6,238624.0,334.521033
2026-07-13T20:33:56.383,2,4,JPM260717P00165000,JPM,2026-07-17,put,165.0,0.0,0.0,0.01,9500.0,0.005,0.15,1.0,,,,,,,2026-07-13,338.18,338.18,332.595,334.6,238624.0,334.521033
2026-07-13T20:33:56.383,2,4,JPM260717P00170000,JPM,2026-07-17,put,170.0,0.0,0.0,0.03,10.0,0.015,0.15,1.0,,,,,,,2026-07-13,338.18,338.18,332.595,334.6,238624.0,334.521033
2026-07-13T20:33:56.383,2,4,JPM260717P00175000,JPM,2026-07-17,put,175.0,0.0,0.0,0.03,20.0,0.015,0.01,5.0,,,,,,,2026-07-13,338.18,338.18,332.595,334.6,238624.0,334.521033
2026-07-13T20:33:56.383,2,4,JPM260717P00180000,JPM,2026-07-17,put,180.0,0.0,0.0,0.17,2.0,0.085,0.15,1.0,,,,,,,2026-07-13,338.18,338.18,332.595,334.6,238624.0,334.521033
2026-07-13T20:33:56.383,2,4,JPM260717P00185000,JPM,2026-07-17,put,185.0,0.0,0.0,0.03,23.0,0.015,0.01,2.0,,,,,,,2026-07-13,338.18,338.18,332.595,334.6,238624.0,334.521033
2026-07-13T20:33:56.383,2,4,JPM260717P00190000,JPM,2026-07-17,put,190.0,0.0,0.0,0.03,20.0,0.015,0.01,1.0,,,,,,,2026-07-13,338.18,338.18,332.595,334.6,238624.0,334.521033
2026-07-13T20:33:56.383,2,4,JPM260717P00195000,JPM,2026-07-17,put,195.0,0.0,0.0,0.03,20.0,0.015,0.01,1.0,,,,,,,2026-07-13,338.18,338.18,332.595,334.6,238624.0,334.521033
2026-07-13T20:33:56.383,2,4,JPM260717P00200000,JPM,2026-07-17,put,200.0,0.0,0.0,0.03,20.0,0.015,0.03,1.0,,,,,,,2026-07-13,338.18,338.18,332.595,334.6,238624.0,334.521033
2026-07-13T20:33:56.383,2,4,JPM260717P00205000,JPM,2026-07-17,put,205.0,0.0,0.0,0.79,2.0,0.395,0.17,1.0,,,,,,,2026-07-13,338.18,338.18,332.595,334.6,238624.0,334.521033
2026-07-13T20:33:56.383,2,4,JPM260717P00210000,JPM,2026-07-17,put,210.0,0.0,0.0,0.18,2.0,0.09,0.01,1.0,,,,,,,2026-07-13,338.18,338.18,332.595,334.6,238624.0,334.521033
2026-07-13T20:33:56.383,2,4,JPM260717P00215000,JPM,2026-07-17,put,215.0,0.0,0.0,0.03,10.0,0.015,0.07,1.0,,,,,,,2026-07-13,338.18,338.18,332.595,334.6,238624.0,334.521033
2026-07-13T20:33:56.383,2,4,JPM260717P00220000,JPM,2026-07-17,put,220.0,0.0,0.0,0.81,14.0,0.405,0.15,1.0,,,,,,,2026-07-13,338.18,338.18,332.595,334.6,238624.0,334.521033
2026-07-13T20:33:56.383,2,4,JPM260717P00225000,JPM,2026-07-17,put,225.0,0.0,0.0,0.01,2.0,0.005,0.01,1.0,,,,,,,2026-07-13,338.18,338.18,332.595,334.6,238624.0,334.521033
2026-07-13T20:33:56.383,2,4,JPM260717P00230000,JPM,2026-07-17,put,230.0,0.0,0.0,0.2,12.0,0.1,0.14,1.0,,,,,,,2026-07-13,338.18,338.18,332.595,334.6,238624.0,334.521033
2026-07-13T20:33:56.383,2,4,JPM260717P00235000,JPM,2026-07-17,put,235.0,0.0,0.0,0.06,1.0,0.03,0.04,1.0,,,,,,,2026-07-13,338.18,338.18,332.595,334.6,238624.0,334.521033
2026-07-13T20:33:56.383,2,4,JPM260717P00240000,JPM,2026-07-17,put,240.0,0.03,2.0,0.04,5.0,0.035,0.03,10.0,,,,,,,2026-07-13,338.18,338.18,332.595,334.6,238624.0,334.521033
2026-07-13T20:33:56.383,2,4,JPM260717P00245000,JPM,2026-07-17,put,245.0,0.0,0.0,0.24,5.0,0.12,0.02,1.0,,,,,,,2026-07-13,338.18,338.18,332.595,334.6,238624.0,334.521033
2026-07-13T20:33:56.383,2,4,JPM260717P00250000,JPM,2026-07-17,put,250.0,0.0,0.0,1.12,1.0,0.56,0.03,7.0,,,,,,,2026-07-13,338.18,338.18,332.595,334.6,238624.0,334.521033
2026-07-13T20:33:56.383,2,4,JPM260717P00255000,JPM,2026-07-17,put,255.0,0.0,0.0,0.09,9.0,0.045,0.05,1.0,,,,,,,2026-07-13,338.18,338.18,332.595,334.6,238624.0,334.521033
2026-07-13T20:33:56.383,2,4,JPM260717P00260000,JPM,2026-07-17,put,260.0,0.0,0.0,0.17,1.0,0.085,0.14,1.0,,,,,,,2026-07-13,338.18,338.18,332.595,334.6,238624.0,334.521033
2026-07-13T20:33:56.383,2,4,JPM260717P00265000,JPM,2026-07-17,put,265.0,0.0,0.0,0.65,289.0,0.325,0.01,5.0,,,,,,,2026-07-13,338.18,338.18,332.595,334.6,238624.0,334.521033
2026-07-13T20:33:56.383,2,4,JPM260717P00270000,JPM,2026-07-17,put,270.0,0.03,21.0,0.05,3.0,0.04,0.03,3.0,,,,,,,2026-07-13,338.18,338.18,332.595,334.6,238624.0,334.521033
2026-07-13T20:33:56.383,2,4,JPM260717P00275000,JPM,2026-07-17,put,275.0,0.01,1.0,0.07,10.0,0.04,0.03,3.0,0.7379,-0.0048,0.0005,-0.0449,0.0049,-0.0002,2026-07-13,338.18,338.18,332.595,334.6,238624.0,334.521033
2026-07-13T20:33:56.383,2,4,JPM260717P00280000,JPM,2026-07-17,put,280.0,0.05,10.0,0.06,2.0,0.055,0.05,5.0,0.7023,-0.0067,0.0008,-0.0576,0.0066,-0.0003,2026-07-13,338.18,338.18,332.595,334.6,238624.0,334.521033
2026-07-13T20:33:56.383,2,4,JPM260717P00285000,JPM,2026-07-17,put,285.0,0.03,200.0,0.22,194.0,0.125,0.03,1.0,0.7126,-0.0139,0.0014,-0.1102,0.0124,-0.0005,2026-07-13,338.18,338.18,332.595,334.6,238624.0,334.521033
2026-07-13T20:33:56.383,2,4,JPM260717P00290000,JPM,2026-07-17,put,290.0,0.01,1.0,0.08,1.0,0.045,0.03,2.0,0.5647,-0.0069,0.001,-0.0471,0.0067,-0.0003,2026-07-13,338.18,338.18,332.595,334.6,238624.0,334.521033
2026-07-13T20:33:56.383,2,4,JPM260717P00295000,JPM,2026-07-17,put,295.0,0.03,8.0,0.05,1.0,0.04,0.05,1.0,0.4976,-0.0069,0.0011,-0.0418,0.0068,-0.0003,2026-07-13,338.18,338.18,332.595,334.6,238624.0,334.521033
2026-07-13T20:33:56.383,2,4,JPM260717P00300000,JPM,2026-07-17,put,300.0,0.1,2.0,0.12,2.0,0.11,0.1,1.0,0.5024,-0.0171,0.0024,-0.0925,0.0148,-0.0006,2026-07-13,338.18,338.18,332.595,334.6,238624.0,334.521033
2026-07-13T20:33:56.383,2,4,JPM260717P00302500,JPM,2026-07-17,put,302.5,0.01,52.0,0.15,74.0,0.08,0.09,10.0,0.4485,-0.0142,0.0023,-0.0706,0.0127,-0.0005,2026-07-13,338.18,338.18,332.595,334.6,238624.0,334.521033
2026-07-13T20:33:56.383,2,4,JPM260717P00305000,JPM,2026-07-17,put,305.0,0.13,94.0,0.15,502.0,0.14,0.15,1.0,0.4538,-0.0232,0.0034,-0.1081,0.0192,-0.0009,2026-07-13,338.18,338.18,332.595,334.6,238624.0,334.521033
2026-07-13T20:33:56.383,2,4,JPM260717P00307500,JPM,2026-07-17,put,307.5,0.08,176.0,0.29,60.0,0.185,0.18,1.0,0.4403,-0.0304,0.0045,-0.1317,0.0241,-0.0011,2026-07-13,338.18,338.18,332.595,334.6,238624.0,334.521033
2026-07-13T20:33:56.383,2,4,JPM260717P00310000,JPM,2026-07-17,put,310.0,0.26,55.0,0.29,826.0,0.275,0.28,9.0,0.4365,-0.0433,0.006,-0.1741,0.0322,-0.0016,2026-07-13,338.18,338.18,332.595,334.6,238624.0,334.521033
2026-07-13T20:33:56.383,2,4,JPM260717P00312500,JPM,2026-07-17,put,312.5,0.44,85.0,0.47,1.0,0.45499999999999996,0.44,1.0,0.4449,-0.0655,0.0082,-0.2465,0.0447,-0.0025,2026-07-13,338.18,338.18,332.595,334.6,238624.0,334.521033
2026-07-13T20:33:56.383,2,4,JPM260717P00315000,JPM,2026-07-17,put,315.0,0.61,46.0,0.64,2.0,0.625,0.61,175.0,0.4376,-0.0869,0.0103,-0.3003,0.0554,-0.0033,2026-07-13,338.18,338.18,332.595,334.6,238624.0,334.521033
2026-07-13T20:33:56.383,2,4,JPM260717P00317500,JPM,2026-07-17,put,317.5,0.85,87.0,0.97,85.0,0.9099999999999999,0.89,2.0,0.4391,-0.1182,0.0129,-0.3767,0.0694,-0.0044,2026-07-13,338.18,338.18,332.595,334.6,238624.0,334.521033
2026-07-13T20:33:56.383,2,4,JPM260717P00320000,JPM,2026-07-17,put,320.0,1.17,43.0,1.23,5.0,1.2,1.17,1.0,0.4299,-0.1506,0.0155,-0.435,0.0819,-0.0057,2026-07-13,338.18,338.18,332.595,334.6,238624.0,334.521033
2026-07-13T20:33:56.383,2,4,JPM260717P00322500,JPM,2026-07-17,put,322.5,1.51,86.0,1.74,44.0,1.625,1.65,1.0,0.4263,-0.1927,0.0183,-0.5047,0.0959,-0.0072,2026-07-13,338.18,338.18,332.595,334.6,238624.0,334.521033
2026-07-13T20:33:56.383,2,4,JPM260717P00325000,JPM,2026-07-17,put,325.0,2.08,33.0,2.28,25.0,2.1799999999999997,2.18,1.0,0.4243,-0.2426,0.021,-0.573,0.1096,-0.0091,2026-07-13,338.18,338.18,332.595,334.6,238624.0,334.521033
2026-07-13T20:33:56.383,2,4,JPM260717P00327500,JPM,2026-07-17,put,327.5,2.77,30.0,2.99,32.0,2.88,2.8,1.0,0.4232,-0.2992,0.0234,-0.6336,0.1217,-0.0113,2026-07-13,338.18,338.18,332.595,334.6,238624.0,334.521033
2026-07-13T20:33:56.383,2,4,JPM260717P00330000,JPM,2026-07-17,put,330.0,3.47,136.0,3.77,23.0,3.62,3.55,5.0,0.4137,-0.3586,0.0258,-0.6648,0.1309,-0.0136,2026-07-13,338.18,338.18,332.595,334.6,238624.0,334.521033
2026-07-13T20:33:56.383,2,4,JPM260717P00332500,JPM,2026-07-17,put,332.5,4.42,47.0,4.77,30.0,4.595,4.42,6.0,0.4103,-0.425,0.0273,-0.6898,0.1373,-0.0161,2026-07-13,338.18,338.18,332.595,334.6,238624.0,334.521033
2026-07-13T20:33:56.383,2,4,JPM260717P00335000,JPM,2026-07-17,put,335.0,5.7,22.0,5.94,43.0,5.82,5.7,1.0,0.4128,-0.4941,0.0276,-0.7043,0.1398,-0.0188,2026-07-13,338.18,338.18,332.595,334.6,238624.0,334.521033
2026-07-13T20:33:56.383,2,4,JPM260717P00337500,JPM,2026-07-17,put,337.5,6.8,24.0,7.33,27.0,7.0649999999999995,6.95,2.0,0.4042,-0.5641,0.0278,-0.6778,0.138,-0.0215,2026-07-13,338.18,338.18,332.595,334.6,238624.0,334.521033
2026-07-13T20:33:56.383,2,4,JPM260717P00340000,JPM,2026-07-17,put,340.0,7.99,26.0,8.85,13.0,8.42,8.57,1.0,0.3905,-0.6365,0.0274,-0.6202,0.1315,-0.0243,2026-07-13,338.18,338.18,332.595,334.6,238624.0,334.521033
2026-07-13T20:33:56.383,2,4,JPM260717P00342500,JPM,2026-07-17,put,342.5,9.79,29.0,10.49,27.0,10.14,10.02,1.0,0.3914,-0.7009,0.0253,-0.5711,0.1217,-0.0268,2026-07-13,338.18,338.18,332.595,334.6,238624.0,334.521033
2026-07-13T20:33:56.383,2,4,JPM260717P00345000,JPM,2026-07-17,put,345.0,10.57,133.0,12.63,13.0,11.600000000000001,11.56,1.0,0.3537,-0.7834,0.0237,-0.4276,0.1028,-0.03,2026-07-13,338.18,338.18,332.595,334.6,238624.0,334.521033
2026-07-13T20:33:56.383,2,4,JPM260717P00347500,JPM,2026-07-17,put,347.5,12.95,130.0,14.62,8.0,13.785,14.05,5.0,0.369,-0.8255,0.0199,-0.3872,0.0902,-0.0318,2026-07-13,338.18,338.18,332.595,334.6,238624.0,334.521033
2026-07-13T20:33:56.383,2,4,JPM260717P00350000,JPM,2026-07-17,put,350.0,14.86,12.0,16.85,33.0,15.855,16.52,1.0,0.3592,-0.8757,0.0163,-0.2921,0.0719,-0.0339,2026-07-13,338.18,338.18,332.595,334.6,238624.0,334.521033
2026-07-13T20:33:56.383,2,4,JPM260717P00352500,JPM,2026-07-17,put,352.5,16.45,20.0,19.32,6.0,17.884999999999998,21.15,1.0,0.3152,-0.9377,0.0111,-0.1366,0.043,-0.0364,2026-07-13,338.18,338.18,332.595,334.6,238624.0,334.521033
2026-07-13T20:33:56.383,2,4,JPM260717P00355000,JPM,2026-07-17,put,355.0,18.69,14.0,21.68,15.0,20.185000000000002,17.75,20.0,0.2835,-0.9743,0.006,-0.0399,0.0209,-0.038,2026-07-13,338.18,338.18,332.595,334.6,238624.0,334.521033
2026-07-13T20:33:56.383,2,4,JPM260717P00357500,JPM,2026-07-17,put,357.5,21.17,1.0,24.56,7.0,22.865000000000002,,,0.3765,-0.9492,0.0079,-0.1385,0.0366,-0.0373,2026-07-13,338.18,338.18,332.595,334.6,238624.0,334.521033
2026-07-13T20:33:56.383,2,4,JPM260717P00360000,JPM,2026-07-17,put,360.0,22.96,5.0,27.09,20.0,25.025,24.83,1.0,,,,,,,2026-07-13,338.18,338.18,332.595,334.6,238624.0,334.521033
2026-07-13T20:33:56.383,2,4,JPM260717P00362500,JPM,2026-07-17,put,362.5,25.45,2.0,30.05,1.0,27.75,,,0.3995,-0.9694,0.0049,-0.086,0.0242,-0.0386,2026-07-13,338.18,338.18,332.595,334.6,238624.0,334.521033
2026-07-13T20:33:56.383,2,4,JPM260717P00365000,JPM,2026-07-17,put,365.0,28.3,7.0,31.7,5.0,30.0,38.28,1.0,,,,,,,2026-07-13,338.18,338.18,332.595,334.6,238624.0,334.521033
2026-07-13T20:33:56.383,2,4,JPM260717P00367500,JPM,2026-07-17,put,367.5,31.07,6.0,34.47,4.0,32.769999999999996,,,0.4654,-0.9701,0.0042,-0.1029,0.0238,-0.0392,2026-07-13,338.18,338.18,332.595,334.6,238624.0,334.521033
2026-07-13T20:33:56.383,2,4,JPM260717P00370000,JPM,2026-07-17,put,370.0,32.74,6.0,37.5,1.0,35.120000000000005,31.15,15.0,0.3928,-0.9919,0.0016,-0.0019,0.0078,-0.0402,2026-07-13,338.18,338.18,332.595,334.6,238624.0,334.521033
2026-07-13T20:33:56.383,2,4,JPM260717P00372500,JPM,2026-07-17,put,372.5,34.93,22.0,39.35,11.0,37.14,,,,,,,,,2026-07-13,338.18,338.18,332.595,334.6,238624.0,334.521033
2026-07-13T20:33:56.383,2,4,JPM260717P00375000,JPM,2026-07-17,put,375.0,38.39,8.0,41.71,6.0,40.05,68.74,1.0,,,,,,,2026-07-13,338.18,338.18,332.595,334.6,238624.0,334.521033
2026-07-13T20:33:56.383,2,4,JPM260717P00377500,JPM,2026-07-17,put,377.5,41.31,6.0,44.87,7.0,43.09,,,0.6872,-0.9483,0.0044,-0.2833,0.0371,-0.0395,2026-07-13,338.18,338.18,332.595,334.6,238624.0,334.521033
2026-07-13T20:33:56.383,2,4,JPM260717P00380000,JPM,2026-07-17,put,380.0,43.02,5.0,46.95,1.0,44.985,87.52,1.0,,,,,,,2026-07-13,338.18,338.18,332.595,334.6,238624.0,334.521033
2026-07-13T20:33:56.383,2,4,JPM260717P00385000,JPM,2026-07-17,put,385.0,48.59,1.0,52.14,10.0,50.365,74.05,2.0,0.6995,-0.9691,0.0028,-0.1768,0.0245,-0.0411,2026-07-13,338.18,338.18,332.595,334.6,238624.0,334.521033
2026-07-13T20:33:56.383,2,4,JPM260717P00390000,JPM,2026-07-17,put,390.0,53.57,7.0,56.86,7.0,55.215,82.17,2.0,0.6737,-0.9832,0.0018,-0.0853,0.0146,-0.0421,2026-07-13,338.18,338.18,332.595,334.6,238624.0,334.521033
2026-07-13T20:33:56.383,2,4,JPM260717P00395000,JPM,2026-07-17,put,395.0,59.14,8.0,61.11,8.0,60.125,,,0.6357,-0.9928,0.0009,-0.0168,0.007,-0.043,2026-07-13,338.18,338.18,332.595,334.6,238624.0,334.521033
2026-07-13T20:33:56.383,2,4,JPM260717P00400000,JPM,2026-07-17,put,400.0,62.52,1.0,66.68,1.0,64.60000000000001,,,,,,,,,2026-07-13,338.18,338.18,332.595,334.6,238624.0,334.521033
2026-07-13T20:33:56.383,2,4,JPM260717P00405000,JPM,2026-07-17,put,405.0,68.72,6.0,71.26,6.0,69.99000000000001,77.43,1.0,,,,,,,2026-07-13,338.18,338.18,332.595,334.6,238624.0,334.521033
2026-07-13T20:33:56.383,2,4,JPM260717P00410000,JPM,2026-07-17,put,410.0,74.46,1.0,76.83,1.0,75.645,90.7,1.0,,,,,,,2026-07-13,338.18,338.18,332.595,334.6,238624.0,334.521033
2026-07-13T20:33:56.383,2,4,JPM260717P00415000,JPM,2026-07-17,put,415.0,78.7,5.0,83.04,1.0,80.87,,,,,,,,,2026-07-13,338.18,338.18,332.595,334.6,238624.0,334.521033
2026-07-13T20:33:56.383,2,4,JPM260717P00420000,JPM,2026-07-17,put,420.0,84.41,7.0,87.09,9.0,85.75,,,,,,,,,2026-07-13,338.18,338.18,332.595,334.6,238624.0,334.521033
2026-07-13T20:33:56.383,2,4,JPM260717P00425000,JPM,2026-07-17,put,425.0,86.39,10.0,90.98,1.0,88.685,,,,,,,,,2026-07-13,338.18,338.18,332.595,334.6,238624.0,334.521033
2026-07-13T20:33:56.383,2,4,JPM260717P00430000,JPM,2026-07-17,put,430.0,93.76,5.0,97.72,5.0,95.74000000000001,,,,,,,,,2026-07-13,338.18,338.18,332.595,334.6,238624.0,334.521033
2026-07-13T20:33:56.383,2,4,JPM260717P00435000,JPM,2026-07-17,put,435.0,99.59,1.0,101.07,1.0,100.33,,,,,,,,,2026-07-13,338.18,338.18,332.595,334.6,238624.0,334.521033
2026-07-13T20:33:56.383,2,4,JPM260717P00440000,JPM,2026-07-17,put,440.0,104.78,1.0,106.18,1.0,105.48,,,,,,,,,2026-07-13,338.18,338.18,332.595,334.6,238624.0,334.521033
2026-07-13T20:33:56.383,2,4,JPM260717P00445000,JPM,2026-07-17,put,445.0,110.09,9.0,112.6,1.0,111.345,,,,,,,,,2026-07-13,338.18,338.18,332.595,334.6,238624.0,334.521033
2026-07-13T20:33:56.383,2,4,JPM260717P00450000,JPM,2026-07-17,put,450.0,112.84,9.0,117.34,1.0,115.09,,,,,,,,,2026-07-13,338.18,338.18,332.595,334.6,238624.0,334.521033
2026-07-13T20:33:56.383,2,4,JPM260717P00455000,JPM,2026-07-17,put,455.0,119.59,2.0,120.77,5.0,120.18,,,,,,,,,2026-07-13,338.18,338.18,332.595,334.6,238624.0,334.521033
2026-07-13T20:33:56.383,2,4,JPM260717P00460000,JPM,2026-07-17,put,460.0,120.81,5.0,127.09,2.0,123.95,,,,,,,,,2026-07-13,338.18,338.18,332.595,334.6,238624.0,334.521033
2026-07-13T20:33:56.383,14,11,JPM260724C00165000,JPM,2026-07-24,call,165.0,166.01,1.0,172.21,1.0,169.11,,,,,,,,,2026-07-13,338.18,338.18,332.595,334.6,238624.0,334.521033
2026-07-13T20:33:56.383,14,11,JPM260724C00170000,JPM,2026-07-24,call,170.0,165.34,5.0,165.7,5.0,165.51999999999998,,,,,,,,,2026-07-13,338.18,338.18,332.595,334.6,238624.0,334.521033
2026-07-13T20:33:56.383,14,11,JPM260724C00175000,JPM,2026-07-24,call,175.0,159.71,3.0,160.55,1.0,160.13,,,,,,,,,2026-07-13,338.18,338.18,332.595,334.6,238624.0,334.521033
2026-07-13T20:33:56.383,14,11,JPM260724C00180000,JPM,2026-07-24,call,180.0,151.6,1.0,154.55,1.0,153.075,,,,,,,,,2026-07-13,338.18,338.18,332.595,334.6,238624.0,334.521033
2026-07-13T20:33:56.383,14,11,JPM260724C00185000,JPM,2026-07-24,call,185.0,146.06,1.0,155.16,1.0,150.61,,,,,,,,,2026-07-13,338.18,338.18,332.595,334.6,238624.0,334.521033
2026-07-13T20:33:56.383,14,11,JPM260724C00190000,JPM,2026-07-24,call,190.0,143.94,1.0,147.81,1.0,145.875,,,,,,,,,2026-07-13,338.18,338.18,332.595,334.6,238624.0,334.521033
2026-07-13T20:33:56.383,14,11,JPM260724C00195000,JPM,2026-07-24,call,195.0,136.71,1.0,143.09,5.0,139.9,,,,,,,,,2026-07-13,338.18,338.18,332.595,334.6,238624.0,334.521033
2026-07-13T20:33:56.383,14,11,JPM260724C00200000,JPM,2026-07-24,call,200.0,133.82,1.0,136.12,2.0,134.97,,,,,,,,,2026-07-13,338.18,338.18,332.595,334.6,238624.0,334.521033
2026-07-13T20:33:56.383,14,11,JPM260724C00205000,JPM,2026-07-24,call,205.0,127.36,1.0,130.229,1.0,128.7945,,,,,,,,,2026-07-13,338.18,338.18,332.595,334.6,238624.0,334.521033
2026-07-13T20:33:56.383,14,11,JPM260724C00210000,JPM,2026-07-24,call,210.0,121.22,1.0,127.1,4.0,124.16,,,,,,,,,2026-07-13,338.18,338.18,332.595,334.6,238624.0,334.521033
2026-07-13T20:33:56.383,14,11,JPM260724C00215000,JPM,2026-07-24,call,215.0,120.47,1.0,122.46,1.0,121.465,120.3,1.0,,,,,,,2026-07-13,338.18,338.18,332.595,334.6,238624.0,334.521033
2026-07-13T20:33:56.383,14,11,JPM260724C00220000,JPM,2026-07-24,call,220.0,114.3,1.0,119.37,2.0,116.83500000000001,,,,,,,,,2026-07-13,338.18,338.18,332.595,334.6,238624.0,334.521033
2026-07-13T20:33:56.383,14,11,JPM260724C00225000,JPM,2026-07-24,call,225.0,107.07,1.0,113.48,3.0,110.275,,,,,,,,,2026-07-13,338.18,338.18,332.595,334.6,238624.0,334.521033
2026-07-13T20:33:56.383,14,11,JPM260724C00230000,JPM,2026-07-24,call,230.0,104.14,4.0,107.99,3.0,106.065,,,,,,,,,2026-07-13,338.18,338.18,332.595,334.6,238624.0,334.521033
2026-07-13T20:33:56.383,14,11,JPM260724C00235000,JPM,2026-07-24,call,235.0,99.04,1.0,100.34,1.0,99.69,,,,,,,,,2026-07-13,338.18,338.18,332.595,334.6,238624.0,334.521033
2026-07-13T20:33:56.383,14,11,JPM260724C00240000,JPM,2026-07-24,call,240.0,92.47,6.0,97.83,1.0,95.15,,,,,,,,,2026-07-13,338.18,338.18,332.595,334.6,238624.0,334.521033
2026-07-13T20:33:56.383,14,11,JPM260724C00245000,JPM,2026-07-24,call,245.0,88.3,7.0,91.83,1.0,90.065,,,0.6529,0.9976,0.0002,-0.0371,0.0043,0.0735,2026-07-13,338.18,338.18,332.595,334.6,238624.0,334.521033
2026-07-13T20:33:56.383,14,11,JPM260724C00250000,JPM,2026-07-24,call,250.0,82.84,3.0,86.01,1.0,84.42500000000001,83.7,10.0,,,,,,,2026-07-13,338.18,338.18,332.595,334.6,238624.0,334.521033
2026-07-13T20:33:56.383,14,11,JPM260724C00255000,JPM,2026-07-24,call,255.0,78.56,1.0,81.9,3.0,80.23,,,0.7182,0.9879,0.0008,-0.0845,0.0183,0.0755,2026-07-13,338.18,338.18,332.595,334.6,238624.0,334.521033
2026-07-13T20:33:56.383,14,11,JPM260724C00260000,JPM,2026-07-24,call,260.0,72.31,5.0,76.99,5.0,74.65,,,,,,,,,2026-07-13,338.18,338.18,332.595,334.6,238624.0,334.521033
2026-07-13T20:33:56.383,14,11,JPM260724C00265000,JPM,2026-07-24,call,265.0,69.61,1.0,73.67,6.0,71.64,49.15,1.0,0.9332,0.937,0.0023,-0.3289,0.0719,0.0729,2026-07-13,338.18,338.18,332.595,334.6,238624.0,334.521033
2026-07-13T20:33:56.383,14,11,JPM260724C00270000,JPM,2026-07-24,call,270.0,62.92,6.0,67.18,5.0,65.05000000000001,64.25,5.0,,,,,,,2026-07-13,338.18,338.18,332.595,334.6,238624.0,334.521033
2026-07-13T20:33:56.383,14,11,JPM260724C00275000,JPM,2026-07-24,call,275.0,58.37,5.0,62.69,8.0,60.53,40.11,1.0,0.6292,0.9689,0.0019,-0.1427,0.0407,0.0795,2026-07-13,338.18,338.18,332.595,334.6,238624.0,334.521033
2026-07-13T20:33:56.383,14,11,JPM260724C00280000,JPM,2026-07-24,call,280.0,54.17,1.0,57.97,5.0,56.07,53.4,25.0,0.6786,0.9435,0.0029,-0.2295,0.0661,0.0783,2026-07-13,338.18,338.18,332.595,334.6,238624.0,334.521033
2026-07-13T20:33:56.383,14,11,JPM260724C00285000,JPM,2026-07-24,call,285.0,48.75,1.0,52.37,6.0,50.56,48.5,35.0,0.5371,0.9628,0.0026,-0.1421,0.0472,0.0819,2026-07-13,338.18,338.18,332.595,334.6,238624.0,334.521033
2026-07-13T20:33:56.383,14,11,JPM260724C00290000,JPM,2026-07-24,call,290.0,44.05,1.0,47.14,5.0,45.595,43.5,20.0,0.4949,0.9579,0.0031,-0.1448,0.0522,0.0829,2026-07-13,338.18,338.18,332.595,334.6,238624.0,334.521033
2026-07-13T20:33:56.383,14,11,JPM260724C00295000,JPM,2026-07-24,call,295.0,38.81,8.0,42.1,64.0,40.455,40.0,1.0,0.4184,0.9635,0.0033,-0.1164,0.0465,0.085,2026-07-13,338.18,338.18,332.595,334.6,238624.0,334.521033
2026-07-13T20:33:56.383,14,11,JPM260724C00297500,JPM,2026-07-24,call,297.5,35.75,2.0,40.22,8.0,37.985,,,0.401,0.9596,0.0037,-0.1201,0.0505,0.0854,2026-07-13,338.18,338.18,332.595,334.6,238624.0,334.521033
2026-07-13T20:33:56.383,14,11,JPM260724C00300000,JPM,2026-07-24,call,300.0,33.32,10.0,37.21,24.0,35.265,36.3,1.0,0.3251,0.9767,0.0029,-0.0762,0.032,0.0879,2026-07-13,338.18,338.18,332.595,334.6,238624.0,334.521033
2026-07-13T20:33:56.383,14,11,JPM260724C00302500,JPM,2026-07-24,call,302.5,31.07,1.0,34.43,7.0,32.75,,,0.2989,0.9773,0.0031,-0.0718,0.0314,0.0887,2026-07-13,338.18,338.18,332.595,334.6,238624.0,334.521033
2026-07-13T20:33:56.383,14,11,JPM260724C00305000,JPM,2026-07-24,call,305.0,29.15,6.0,31.75,9.0,30.45,29.8,3.0,0.3237,0.9559,0.005,-0.1085,0.0542,0.0873,2026-07-13,338.18,338.18,332.595,334.6,238624.0,334.521033
2026-07-13T20:33:56.383,14,11,JPM260724C00307500,JPM,2026-07-24,call,307.5,26.54,6.0,29.28,6.0,27.91,,,0.2931,0.957,0.0054,-0.0998,0.0531,0.0881,2026-07-13,338.18,338.18,332.595,334.6,238624.0,334.521033
2026-07-13T20:33:56.383,14,11,JPM260724C00310000,JPM,2026-07-24,call,310.0,24.17,7.0,27.64,7.0,25.905,25.27,1.0,0.3367,0.9136,0.0081,-0.1679,0.0916,0.0844,2026-07-13,338.18,338.18,332.595,334.6,238624.0,334.521033
2026-07-13T20:33:56.383,14,11,JPM260724C00312500,JPM,2026-07-24,call,312.5,22.68,7.0,25.25,14.0,23.965,,,0.3616,0.874,0.0099,-0.2244,0.1203,0.081,2026-07-13,338.18,338.18,332.595,334.6,238624.0,334.521033
2026-07-13T20:33:56.383,14,11,JPM260724C00315000,JPM,2026-07-24,call,315.0,20.57,2.0,22.79,20.0,21.68,24.12,40.0,0.3489,0.8539,0.0113,-0.2373,0.1331,0.0796,2026-07-13,338.18,338.18,332.595,334.6,238624.0,334.521033
2026-07-13T20:33:56.383,14,11,JPM260724C00317500,JPM,2026-07-24,call,317.5,18.06,9.0,20.45,13.0,19.255,18.23,1.0,0.3237,0.8389,0.013,-0.2349,0.142,0.0788,2026-07-13,338.18,338.18,332.595,334.6,238624.0,334.521033
2026-07-13T20:33:56.383,14,11,JPM260724C00320000,JPM,2026-07-24,call,320.0,16.84,30.0,18.58,170.0,17.71,17.45,2.0,0.3519,0.7844,0.0143,-0.2964,0.1701,0.0738,2026-07-13,338.18,338.18,332.595,334.6,238624.0,334.521033
2026-07-13T20:33:56.383,14,11,JPM260724C00322500,JPM,2026-07-24,call,322.5,14.29,4.0,16.3,17.0,15.295,15.55,1.0,0.3217,0.763,0.0165,-0.2862,0.1794,0.0724,2026-07-13,338.18,338.18,332.595,334.6,238624.0,334.521033
2026-07-13T20:33:56.383,14,11,JPM260724C00325000,JPM,2026-07-24,call,325.0,12.6,11.0,14.06,20.0,13.33,13.5,2.0,0.3135,0.7229,0.0184,-0.3001,0.1946,0.0689,2026-07-13,338.18,338.18,332.595,334.6,238624.0,334.521033
2026-07-13T20:33:56.383,14,11,JPM260724C00327500,JPM,2026-07-24,call,327.5,11.13,27.0,12.68,215.0,11.905000000000001,12.12,1.0,0.3264,0.6682,0.0191,-0.334,0.2109,0.0638,2026-07-13,338.18,338.18,332.595,334.6,238624.0,334.521033
2026-07-13T20:33:56.383,14,11,JPM260724C00330000,JPM,2026-07-24,call,330.0,9.39,129.0,10.86,178.0,10.125,10.4,1.0,0.3162,0.6212,0.0207,-0.3374,0.2211,0.0596,2026-07-13,338.18,338.18,332.595,334.6,238624.0,334.521033
2026-07-13T20:33:56.383,14,11,JPM260724C00332500,JPM,2026-07-24,call,332.5,7.98,46.0,9.04,113.0,8.51,8.5,1.0,0.3082,0.5692,0.0219,-0.3379,0.2284,0.0549,2026-07-13,338.18,338.18,332.595,334.6,238624.0,334.521033
2026-07-13T20:33:56.383,14,11,JPM260724C00335000,JPM,2026-07-24,call,335.0,6.65,13.0,7.03,13.0,6.84,6.94,11.0,0.2922,0.5133,0.0235,-0.3241,0.2317,0.0497,2026-07-13,338.18,338.18,332.595,334.6,238624.0,334.521033
2026-07-13T20:33:56.383,14,11,JPM260724C00337500,JPM,2026-07-24,call,337.5,5.62,1.0,6.34,5.0,5.98,5.84,1.0,0.3051,0.4577,0.0224,-0.3344,0.2305,0.0444,2026-07-13,338.18,338.18,332.595,334.6,238624.0,334.521033
2026-07-13T20:33:56.383,14,11,JPM260724C00340000,JPM,2026-07-24,call,340.0,4.42,33.0,4.88,36.0,4.65,4.72,5.0,0.2914,0.3976,0.0228,-0.3097,0.2242,0.0387,2026-07-13,338.18,338.18,332.595,334.6,238624.0,334.521033
2026-07-13T20:33:56.383,14,11,JPM260724C00342500,JPM,2026-07-24,call,342.5,3.57,46.0,4.18,46.0,3.875,3.6,1.0,0.2962,0.3457,0.0214,-0.2996,0.2143,0.0337,2026-07-13,338.18,338.18,332.595,334.6,238624.0,334.521033
2026-07-13T20:33:56.383,14,11,JPM260724C00345000,JPM,2026-07-24,call,345.0,2.76,31.0,3.25,120.0,3.005,3.0,1.0,0.2904,0.2911,0.0203,-0.2724,0.1993,0.0285,2026-07-13,338.18,338.18,332.595,334.6,238624.0,334.521033
2026-07-13T20:33:56.383,14,11,JPM260724C00347500,JPM,2026-07-24,call,347.5,2.29,1.0,2.64,63.0,2.465,2.4,1.0,0.2951,0.2478,0.0184,-0.2546,0.1838,0.0243,2026-07-13,338.18,338.18,332.595,334.6,238624.0,334.521033
2026-07-13T20:33:56.383,14,11,JPM260724C00350000,JPM,2026-07-24,call,350.0,1.76,8.0,1.97,38.0,1.865,1.76,3.0,0.2907,0.202,0.0167,-0.2228,0.1637,0.0198,2026-07-13,338.18,338.18,332.595,334.6,238624.0,334.521033
2026-07-13T20:33:56.383,14,11,JPM260724C00352500,JPM,2026-07-24,call,352.5,1.27,54.0,1.87,65.0,1.57,1.5,10.0,0.2996,0.1722,0.0147,-0.2075,0.1483,0.0169,2026-07-13,338.18,338.18,332.595,334.6,238624.0,334.521033
2026-07-13T20:33:56.383,14,11,JPM260724C00355000,JPM,2026-07-24,call,355.0,0.95,40.0,1.28,47.0,1.115,1.07,1.0,0.292,0.1333,0.0127,-0.1704,0.1251,0.0131,2026-07-13,338.18,338.18,332.595,334.6,238624.0,334.521033
2026-07-13T20:33:56.383,14,11,JPM260724C00357500,JPM,2026-07-24,call,357.5,0.69,97.0,0.95,98.0,0.82,0.93,1.0,0.2899,0.1041,0.0107,-0.1418,0.105,0.0103,2026-07-13,338.18,338.18,332.595,334.6,238624.0,334.521033
2026-07-13T20:33:56.383,14,11,JPM260724C00360000,JPM,2026-07-24,call,360.0,0.52,48.0,0.65,55.0,0.585,0.59,1.0,0.2871,0.0791,0.0088,-0.1143,0.0856,0.0078,2026-07-13,338.18,338.18,332.595,334.6,238624.0,334.521033
2026-07-13T20:33:56.383,14,11,JPM260724C00362500,JPM,2026-07-24,call,362.5,0.21,144.0,0.79,161.0,0.5,0.48,10.0,0.297,0.0673,0.0075,-0.1044,0.0757,0.0066,2026-07-13,338.18,338.18,332.595,334.6,238624.0,334.521033
2026-07-13T20:33:56.383,14,11,JPM260724C00365000,JPM,2026-07-24,call,365.0,0.28,2.0,0.38,125.0,0.33,0.38,1.0,0.2909,0.0479,0.0059,-0.0782,0.0579,0.0047,2026-07-13,338.18,338.18,332.595,334.6,238624.0,334.521033
2026-07-13T20:33:56.383,14,11,JPM260724C00367500,JPM,2026-07-24,call,367.5,0.1,44.0,0.59,139.0,0.345,0.28,2.0,0.3119,0.0469,0.0054,-0.0823,0.057,0.0046,2026-07-13,338.18,338.18,332.595,334.6,238624.0,334.521033
2026-07-13T20:33:56.383,14,11,JPM260724C00370000,JPM,2026-07-24,call,370.0,0.18,4.0,0.19,77.0,0.185,0.18,10.0,0.2956,0.0285,0.0038,-0.0518,0.0379,0.0028,2026-07-13,338.18,338.18,332.595,334.6,238624.0,334.521033
2026-07-13T20:33:56.383,14,11,JPM260724C00372500,JPM,2026-07-24,call,372.5,0.04,41.0,0.35,43.0,0.19499999999999998,0.17,2.0,0.3148,0.0283,0.0035,-0.0548,0.0376,0.0028,2026-07-13,338.18,338.18,332.595,334.6,238624.0,334.521033
2026-07-13T20:33:56.383,14,11,JPM260724C00375000,JPM,2026-07-24,call,375.0,0.1,1.0,0.17,2.0,0.135,0.14,1.0,0.3128,0.0205,0.0027,-0.0416,0.0288,0.002,2026-07-13,338.18,338.18,332.595,334.6,238624.0,334.521033
2026-07-13T20:33:56.383,14,11,JPM260724C00380000,JPM,2026-07-24,call,380.0,0.0,0.0,0.5,212.0,0.25,0.08,1.0,,,,,,,2026-07-13,338.18,338.18,332.595,334.6,238624.0,334.521033
2026-07-13T20:33:56.383,14,11,JPM260724C00385000,JPM,2026-07-24,call,385.0,0.0,0.0,2.12,2.0,1.06,0.19,1.0,,,,,,,2026-07-13,338.18,338.18,332.595,334.6,238624.0,334.521033
2026-07-13T20:33:56.383,14,11,JPM260724C00390000,JPM,2026-07-24,call,390.0,0.0,0.0,2.13,19.0,1.065,0.35,1.0,,,,,,,2026-07-13,338.18,338.18,332.595,334.6,238624.0,334.521033
2026-07-13T20:33:56.383,14,11,JPM260724C00395000,JPM,2026-07-24,call,395.0,0.0,0.0,2.1,13.0,1.05,,,,,,,,,2026-07-13,338.18,338.18,332.595,334.6,238624.0,334.521033
2026-07-13T20:33:56.383,14,11,JPM260724C00400000,JPM,2026-07-24,call,400.0,0.0,0.0,2.11,24.0,1.055,,,,,,,,,2026-07-13,338.18,338.18,332.595,334.6,238624.0,334.521033
2026-07-13T20:33:56.383,14,11,JPM260724C00405000,JPM,2026-07-24,call,405.0,0.0,0.0,2.1,7.0,1.05,0.04,5.0,,,,,,,2026-07-13,338.18,338.18,332.595,334.6,238624.0,334.521033
2026-07-13T20:33:56.383,14,11,JPM260724P00165000,JPM,2026-07-24,put,165.0,0.0,0.0,0.02,2.0,0.01,0.01,1.0,,,,,,,2026-07-13,338.18,338.18,332.595,334.6,238624.0,334.521033
2026-07-13T20:33:56.383,14,11,JPM260724P00170000,JPM,2026-07-24,put,170.0,0.0,0.0,0.17,1.0,0.085,0.09,1.0,,,,,,,2026-07-13,338.18,338.18,332.595,334.6,238624.0,334.521033
2026-07-13T20:33:56.383,14,11,JPM260724P00175000,JPM,2026-07-24,put,175.0,0.0,0.0,0.03,4.0,0.015,0.01,2.0,,,,,,,2026-07-13,338.18,338.18,332.595,334.6,238624.0,334.521033
2026-07-13T20:33:56.383,14,11,JPM260724P00180000,JPM,2026-07-24,put,180.0,0.0,0.0,0.13,1.0,0.065,,,,,,,,,2026-07-13,338.18,338.18,332.595,334.6,238624.0,334.521033
2026-07-13T20:33:56.383,14,11,JPM260724P00185000,JPM,2026-07-24,put,185.0,0.0,0.0,0.08,2.0,0.04,0.2,1.0,,,,,,,2026-07-13,338.18,338.18,332.595,334.6,238624.0,334.521033
2026-07-13T20:33:56.383,14,11,JPM260724P00190000,JPM,2026-07-24,put,190.0,0.0,0.0,0.13,1.0,0.065,0.2,1.0,,,,,,,2026-07-13,338.18,338.18,332.595,334.6,238624.0,334.521033
2026-07-13T20:33:56.383,14,11,JPM260724P00195000,JPM,2026-07-24,put,195.0,0.0,0.0,0.13,1.0,0.065,0.11,1.0,,,,,,,2026-07-13,338.18,338.18,332.595,334.6,238624.0,334.521033
2026-07-13T20:33:56.383,14,11,JPM260724P00200000,JPM,2026-07-24,put,200.0,0.0,0.0,0.08,2.0,0.04,0.1,1.0,,,,,,,2026-07-13,338.18,338.18,332.595,334.6,238624.0,334.521033
2026-07-13T20:33:56.383,14,11,JPM260724P00205000,JPM,2026-07-24,put,205.0,0.0,0.0,0.08,2.0,0.04,0.15,1.0,,,,,,,2026-07-13,338.18,338.18,332.595,334.6,238624.0,334.521033
2026-07-13T20:33:56.383,14,11,JPM260724P00210000,JPM,2026-07-24,put,210.0,0.0,0.0,0.13,1.0,0.065,0.2,1.0,,,,,,,2026-07-13,338.18,338.18,332.595,334.6,238624.0,334.521033
2026-07-13T20:33:56.383,14,11,JPM260724P00215000,JPM,2026-07-24,put,215.0,0.0,0.0,0.17,2.0,0.085,0.2,1.0,,,,,,,2026-07-13,338.18,338.18,332.595,334.6,238624.0,334.521033
2026-07-13T20:33:56.383,14,11,JPM260724P00220000,JPM,2026-07-24,put,220.0,0.0,0.0,0.08,2.0,0.04,0.95,10.0,,,,,,,2026-07-13,338.18,338.18,332.595,334.6,238624.0,334.521033
2026-07-13T20:33:56.383,14,11,JPM260724P00225000,JPM,2026-07-24,put,225.0,0.0,0.0,0.13,1.0,0.065,0.1,3.0,,,,,,,2026-07-13,338.18,338.18,332.595,334.6,238624.0,334.521033
2026-07-13T20:33:56.383,14,11,JPM260724P00230000,JPM,2026-07-24,put,230.0,0.0,0.0,0.17,6.0,0.085,0.55,10.0,,,,,,,2026-07-13,338.18,338.18,332.595,334.6,238624.0,334.521033
2026-07-13T20:33:56.383,14,11,JPM260724P00235000,JPM,2026-07-24,put,235.0,0.0,0.0,0.09,9.0,0.045,0.04,2.0,,,,,,,2026-07-13,338.18,338.18,332.595,334.6,238624.0,334.521033
2026-07-13T20:33:56.383,14,11,JPM260724P00240000,JPM,2026-07-24,put,240.0,0.01,1.0,0.05,3.0,0.030000000000000002,0.03,5.0,0.6974,-0.0024,0.0002,-0.0138,0.0044,-0.0003,2026-07-13,338.18,338.18,332.595,334.6,238624.0,334.521033
2026-07-13T20:33:56.383,14,11,JPM260724P00245000,JPM,2026-07-24,put,245.0,0.0,0.0,0.17,2.0,0.085,0.59,1.0,,,,,,,2026-07-13,338.18,338.18,332.595,334.6,238624.0,334.521033
2026-07-13T20:33:56.383,14,11,JPM260724P00250000,JPM,2026-07-24,put,250.0,0.0,0.0,0.13,1.0,0.065,0.05,10.0,,,,,,,2026-07-13,338.18,338.18,332.595,334.6,238624.0,334.521033
2026-07-13T20:33:56.383,14,11,JPM260724P00255000,JPM,2026-07-24,put,255.0,0.0,0.0,0.16,12.0,0.08,0.06,5.0,,,,,,,2026-07-13,338.18,338.18,332.595,334.6,238624.0,334.521033
2026-07-13T20:33:56.383,14,11,JPM260724P00260000,JPM,2026-07-24,put,260.0,0.0,0.0,0.17,1.0,0.085,0.24,1.0,,,,,,,2026-07-13,338.18,338.18,332.595,334.6,238624.0,334.521033
2026-07-13T20:33:56.383,14,11,JPM260724P00265000,JPM,2026-07-24,put,265.0,0.0,0.0,0.17,86.0,0.085,0.09,1.0,,,,,,,2026-07-13,338.18,338.18,332.595,334.6,238624.0,334.521033
2026-07-13T20:33:56.383,14,11,JPM260724P00270000,JPM,2026-07-24,put,270.0,0.0,0.0,0.14,79.0,0.07,0.08,1.0,,,,,,,2026-07-13,338.18,338.18,332.595,334.6,238624.0,334.521033
2026-07-13T20:33:56.383,14,11,JPM260724P00275000,JPM,2026-07-24,put,275.0,0.0,0.0,0.29,195.0,0.145,0.05,1.0,,,,,,,2026-07-13,338.18,338.18,332.595,334.6,238624.0,334.521033
2026-07-13T20:33:56.383,14,11,JPM260724P00280000,JPM,2026-07-24,put,280.0,0.0,0.0,0.12,48.0,0.06,0.07,5.0,,,,,,,2026-07-13,338.18,338.18,332.595,334.6,238624.0,334.521033
2026-07-13T20:33:56.383,14,11,JPM260724P00285000,JPM,2026-07-24,put,285.0,0.0,0.0,0.65,118.0,0.325,0.25,1.0,,,,,,,2026-07-13,338.18,338.18,332.595,334.6,238624.0,334.521033
2026-07-13T20:33:56.383,14,11,JPM260724P00290000,JPM,2026-07-24,put,290.0,0.01,2.0,0.2,14.0,0.10500000000000001,0.14,1.0,0.3813,-0.0133,0.0015,-0.0339,0.0198,-0.0014,2026-07-13,338.18,338.18,332.595,334.6,238624.0,334.521033
2026-07-13T20:33:56.383,14,11,JPM260724P00295000,JPM,2026-07-24,put,295.0,0.06,148.0,0.26,129.0,0.16,0.24,1.0,0.3639,-0.0201,0.0023,-0.0462,0.0283,-0.0021,2026-07-13,338.18,338.18,332.595,334.6,238624.0,334.521033
2026-07-13T20:33:56.383,14,11,JPM260724P00297500,JPM,2026-07-24,put,297.5,0.06,65.0,0.5,139.0,0.28,0.21,5.0,0.377,-0.032,0.0033,-0.0703,0.0417,-0.0033,2026-07-13,338.18,338.18,332.595,334.6,238624.0,334.521033
2026-07-13T20:33:56.383,14,11,JPM260724P00300000,JPM,2026-07-24,put,300.0,0.21,74.0,0.31,249.0,0.26,0.25,1.0,0.3502,-0.032,0.0035,-0.0653,0.0417,-0.0033,2026-07-13,338.18,338.18,332.595,334.6,238624.0,334.521033
2026-07-13T20:33:56.383,14,11,JPM260724P00302500,JPM,2026-07-24,put,302.5,0.01,139.0,0.53,24.0,0.27,0.35,2.0,0.3305,-0.0348,0.004,-0.066,0.0447,-0.0036,2026-07-13,338.18,338.18,332.595,334.6,238624.0,334.521033
2026-07-13T20:33:56.383,14,11,JPM260724P00305000,JPM,2026-07-24,put,305.0,0.11,181.0,0.55,139.0,0.33,0.45,21.0,0.3205,-0.0426,0.0049,-0.0753,0.0527,-0.0044,2026-07-13,338.18,338.18,332.595,334.6,238624.0,334.521033
2026-07-13T20:33:56.383,14,11,JPM260724P00307500,JPM,2026-07-24,put,307.5,0.26,139.0,0.58,8.0,0.42,0.58,1.0,0.3129,-0.0535,0.006,-0.0882,0.0633,-0.0055,2026-07-13,338.18,338.18,332.595,334.6,238624.0,334.521033
2026-07-13T20:33:56.383,14,11,JPM260724P00310000,JPM,2026-07-24,put,310.0,0.49,142.0,1.02,73.0,0.755,0.71,1.0,0.3321,-0.0836,0.008,-0.132,0.0893,-0.0087,2026-07-13,338.18,338.18,332.595,334.6,238624.0,334.521033
2026-07-13T20:33:56.383,14,11,JPM260724P00312500,JPM,2026-07-24,put,312.5,0.82,45.0,1.04,18.0,0.9299999999999999,0.95,1.0,0.3238,-0.1016,0.0094,-0.1484,0.1032,-0.0105,2026-07-13,338.18,338.18,332.595,334.6,238624.0,334.521033
2026-07-13T20:33:56.383,14,11,JPM260724P00315000,JPM,2026-07-24,put,315.0,1.13,61.0,1.4,54.0,1.265,1.23,10.0,0.3254,-0.1302,0.0112,-0.1776,0.1231,-0.0135,2026-07-13,338.18,338.18,332.595,334.6,238624.0,334.521033
2026-07-13T20:33:56.383,14,11,JPM260724P00317500,JPM,2026-07-24,put,317.5,1.1,49.0,1.99,41.0,1.545,1.52,1.0,0.317,-0.1563,0.013,-0.1953,0.1393,-0.0162,2026-07-13,338.18,338.18,332.595,334.6,238624.0,334.521033
2026-07-13T20:33:56.383,14,11,JPM260724P00320000,JPM,2026-07-24,put,320.0,1.76,142.0,2.11,26.0,1.935,1.9,1.0,0.3119,-0.1893,0.0149,-0.2166,0.1573,-0.0197,2026-07-13,338.18,338.18,332.595,334.6,238624.0,334.521033
2026-07-13T20:33:56.383,14,11,JPM260724P00322500,JPM,2026-07-24,put,322.5,2.28,41.0,3.11,41.0,2.695,2.59,4.0,0.3229,-0.2378,0.0165,-0.2557,0.1797,-0.0248,2026-07-13,338.18,338.18,332.595,334.6,238624.0,334.521033
2026-07-13T20:33:56.383,14,11,JPM260724P00325000,JPM,2026-07-24,put,325.0,2.98,45.0,3.32,28.0,3.15,3.09,1.0,0.3107,-0.2755,0.0185,-0.2646,0.1941,-0.0287,2026-07-13,338.18,338.18,332.595,334.6,238624.0,334.521033
2026-07-13T20:33:56.383,14,11,JPM260724P00327500,JPM,2026-07-24,put,327.5,3.62,64.0,4.16,58.0,3.89,3.75,1.0,0.308,-0.3235,0.0201,-0.2811,0.2088,-0.0338,2026-07-13,338.18,338.18,332.595,334.6,238624.0,334.521033
2026-07-13T20:33:56.383,14,11,JPM260724P00330000,JPM,2026-07-24,put,330.0,4.22,62.0,5.33,53.0,4.775,4.7,2.0,0.3062,-0.3756,0.0213,-0.294,0.2205,-0.0393,2026-07-13,338.18,338.18,332.595,334.6,238624.0,334.521033
2026-07-13T20:33:56.383,14,11,JPM260724P00332500,JPM,2026-07-24,put,332.5,5.28,6.0,6.42,6.0,5.85,5.79,2.0,0.307,-0.4306,0.022,-0.3037,0.2283,-0.0452,2026-07-13,338.18,338.18,332.595,334.6,238624.0,334.521033
2026-07-13T20:33:56.383,14,11,JPM260724P00335000,JPM,2026-07-24,put,335.0,6.8,3.0,7.15,37.0,6.975,6.84,1.0,0.3038,-0.4864,0.0226,-0.3032,0.2317,-0.0512,2026-07-13,338.18,338.18,332.595,334.6,238624.0,334.521033
2026-07-13T20:33:56.383,14,11,JPM260724P00337500,JPM,2026-07-24,put,337.5,7.6,15.0,8.99,18.0,8.295,8.7,2.0,0.3031,-0.5427,0.0225,-0.2987,0.2305,-0.0573,2026-07-13,338.18,338.18,332.595,334.6,238624.0,334.521033
2026-07-13T20:33:56.383,14,11,JPM260724P00340000,JPM,2026-07-24,put,340.0,9.09,139.0,10.28,60.0,9.684999999999999,10.22,1.0,0.2993,-0.5992,0.0222,-0.2847,0.2246,-0.0634,2026-07-13,338.18,338.18,332.595,334.6,238624.0,334.521033
2026-07-13T20:33:56.383,14,11,JPM260724P00342500,JPM,2026-07-24,put,342.5,10.7,5.0,11.86,22.0,11.28,11.36,2.0,0.2985,-0.6531,0.0213,-0.2683,0.2146,-0.0693,2026-07-13,338.18,338.18,332.595,334.6,238624.0,334.521033
2026-07-13T20:33:56.383,14,11,JPM260724P00345000,JPM,2026-07-24,put,345.0,11.91,23.0,14.02,24.0,12.965,13.55,1.0,0.2957,-0.7052,0.0201,-0.2448,0.2005,-0.0751,2026-07-13,338.18,338.18,332.595,334.6,238624.0,334.521033
2026-07-13T20:33:56.383,14,11,JPM260724P00347500,JPM,2026-07-24,put,347.5,13.06,7.0,15.7,15.0,14.379999999999999,,,0.2709,-0.7724,0.0192,-0.1889,0.1754,-0.0823,2026-07-13,338.18,338.18,332.595,334.6,238624.0,334.521033
2026-07-13T20:33:56.383,14,11,JPM260724P00350000,JPM,2026-07-24,put,350.0,14.86,25.0,17.81,13.0,16.335,17.38,1.0,0.2668,-0.8196,0.0169,-0.1564,0.1527,-0.0876,2026-07-13,338.18,338.18,332.595,334.6,238624.0,334.521033
2026-07-13T20:33:56.383,14,11,JPM260724P00352500,JPM,2026-07-24,put,352.5,17.44,9.0,20.0,14.0,18.72,16.25,5.0,0.2861,-0.8395,0.0147,-0.1545,0.1417,-0.0903,2026-07-13,338.18,338.18,332.595,334.6,238624.0,334.521033
2026-07-13T20:33:56.383,14,11,JPM260724P00355000,JPM,2026-07-24,put,355.0,19.98,10.0,22.98,3.0,21.48,23.78,1.0,0.3306,-0.8351,0.0129,-0.1869,0.1442,-0.0907,2026-07-13,338.18,338.18,332.595,334.6,238624.0,334.521033
2026-07-13T20:33:56.383,14,11,JPM260724P00357500,JPM,2026-07-24,put,357.5,21.67,7.0,24.66,7.0,23.165,,,0.2904,-0.8955,0.0107,-0.1069,0.1053,-0.0973,2026-07-13,338.18,338.18,332.595,334.6,238624.0,334.521033
2026-07-13T20:33:56.383,14,11,JPM260724P00360000,JPM,2026-07-24,put,360.0,23.44,8.0,27.17,7.0,25.305,22.66,1.0,0.2726,-0.9317,0.0083,-0.0614,0.0765,-0.1016,2026-07-13,338.18,338.18,332.595,334.6,238624.0,334.521033
2026-07-13T20:33:56.383,14,11,JPM260724P00362500,JPM,2026-07-24,put,362.5,26.21,16.0,28.94,14.0,27.575000000000003,,,0.256,-0.9594,0.0059,-0.0244,0.0507,-0.1051,2026-07-13,338.18,338.18,332.595,334.6,238624.0,334.521033
2026-07-13T20:33:56.383,14,11,JPM260724P00365000,JPM,2026-07-24,put,365.0,28.27,39.0,32.729,1.0,30.499499999999998,31.27,5.0,0.3383,-0.9228,0.0074,-0.0956,0.0841,-0.1023,2026-07-13,338.18,338.18,332.595,334.6,238624.0,334.521033
2026-07-13T20:33:56.383,14,11,JPM260724P00367500,JPM,2026-07-24,put,367.5,30.83,1.0,34.13,1.0,32.480000000000004,,,0.2695,-0.9742,0.0038,-0.0071,0.0349,-0.1081,2026-07-13,338.18,338.18,332.595,334.6,238624.0,334.521033
2026-07-13T20:33:56.383,14,11,JPM260724P00370000,JPM,2026-07-24,put,370.0,33.63,57.0,36.3,37.0,34.965,35.2,2.0,0.2822,-0.977,0.0033,-0.0047,0.0316,-0.1091,2026-07-13,338.18,338.18,332.595,334.6,238624.0,334.521033
2026-07-13T20:33:56.383,14,11,JPM260724P00372500,JPM,2026-07-24,put,372.5,35.35,11.0,40.45,12.0,37.900000000000006,,,0.3856,-0.9389,0.0054,-0.0881,0.0702,-0.1061,2026-07-13,338.18,338.18,332.595,334.6,238624.0,334.521033
2026-07-13T20:33:56.383,14,11,JPM260724P00375000,JPM,2026-07-24,put,375.0,38.23,10.0,41.91,1.0,40.06999999999999,,,0.345,-0.9676,0.0036,-0.03,0.0421,-0.1097,2026-07-13,338.18,338.18,332.595,334.6,238624.0,334.521033
2026-07-13T20:33:56.383,14,11,JPM260724P00380000,JPM,2026-07-24,put,380.0,43.82,1.0,47.36,1.0,45.59,,,0.4696,-0.9332,0.0047,-0.1251,0.0752,-0.1079,2026-07-13,338.18,338.18,332.595,334.6,238624.0,334.521033
2026-07-13T20:33:56.383,14,11,JPM260724P00385000,JPM,2026-07-24,put,385.0,48.75,5.0,51.97,3.0,50.36,,,0.4725,-0.9505,0.0037,-0.0911,0.0594,-0.1111,2026-07-13,338.18,338.18,332.595,334.6,238624.0,334.521033
2026-07-13T20:33:56.383,14,11,JPM260724P00390000,JPM,2026-07-24,put,390.0,53.66,2.0,57.78,1.0,55.72,,,0.5626,-0.9337,0.0039,-0.1549,0.0749,-0.111,2026-07-13,338.18,338.18,332.595,334.6,238624.0,334.521033
2026-07-13T20:33:56.383,14,11,JPM260724P00395000,JPM,2026-07-24,put,395.0,57.26,2.0,60.88,1.0,59.07,,,,,,,,,2026-07-13,338.18,338.18,332.595,334.6,238624.0,334.521033
2026-07-13T20:33:56.383,14,11,JPM260724P00400000,JPM,2026-07-24,put,400.0,61.98,2.0,66.52,1.0,64.25,,,,,,,,,2026-07-13,338.18,338.18,332.595,334.6,238624.0,334.521033
2026-07-13T20:33:56.383,14,11,JPM260724P00405000,JPM,2026-07-24,put,405.0,68.27,1.0,71.5,1.0,69.88499999999999,,,0.466,-0.9893,0.001,0.0049,0.0165,-0.1209,2026-07-13,338.18,338.18,332.595,334.6,238624.0,334.521033
2026-07-13T20:33:56.383,30,32,JPM260814C00170000,JPM,2026-08-14,call,170.0,166.55,2.0,166.67,6.0,166.61,,,,,,,,,2026-07-13,338.18,338.18,332.595,334.6,238624.0,334.521033
2026-07-13T20:33:56.383,30,32,JPM260814C00175000,JPM,2026-08-14,call,175.0,156.81,5.0,160.88,1.0,158.845,,,,,,,,,2026-07-13,338.18,338.18,332.595,334.6,238624.0,334.521033
2026-07-13T20:33:56.383,30,32,JPM260814C00180000,JPM,2026-08-14,call,180.0,153.43,1.0,160.46,2.0,156.945,,,,,,,,,2026-07-13,338.18,338.18,332.595,334.6,238624.0,334.521033
2026-07-13T20:33:56.383,30,32,JPM260814C00185000,JPM,2026-08-14,call,185.0,147.55,1.0,154.92,6.0,151.235,,,,,,,,,2026-07-13,338.18,338.18,332.595,334.6,238624.0,334.521033
2026-07-13T20:33:56.383,30,32,JPM260814C00190000,JPM,2026-08-14,call,190.0,145.02,1.0,147.68,1.0,146.35000000000002,,,,,,,,,2026-07-13,338.18,338.18,332.595,334.6,238624.0,334.521033
2026-07-13T20:33:56.383,30,32,JPM260814C00195000,JPM,2026-08-14,call,195.0,137.29,2.0,145.21,1.0,141.25,,,,,,,,,2026-07-13,338.18,338.18,332.595,334.6,238624.0,334.521033
2026-07-13T20:33:56.383,30,32,JPM260814C00200000,JPM,2026-08-14,call,200.0,133.91,1.0,136.15,1.0,135.03,,,,,,,,,2026-07-13,338.18,338.18,332.595,334.6,238624.0,334.521033
2026-07-13T20:33:56.383,30,32,JPM260814C00205000,JPM,2026-08-14,call,205.0,131.09,1.0,135.19,1.0,133.14,,,,,,,,,2026-07-13,338.18,338.18,332.595,334.6,238624.0,334.521033
2026-07-13T20:33:56.383,30,32,JPM260814C00210000,JPM,2026-08-14,call,210.0,121.88,1.0,129.38,1.0,125.63,,,0.6863,0.9921,0.0003,-0.0437,0.0216,0.181,2026-07-13,338.18,338.18,332.595,334.6,238624.0,334.521033
2026-07-13T20:33:56.383,30,32,JPM260814C00215000,JPM,2026-08-14,call,215.0,117.65,1.0,122.71,1.0,120.18,,,,,,,,,2026-07-13,338.18,338.18,332.595,334.6,238624.0,334.521033
2026-07-13T20:33:56.383,30,32,JPM260814C00220000,JPM,2026-08-14,call,220.0,112.48,1.0,119.67,1.0,116.075,,,0.74,0.9793,0.0007,-0.0782,0.0494,0.1857,2026-07-13,338.18,338.18,332.595,334.6,238624.0,334.521033
2026-07-13T20:33:56.383,30,32,JPM260814C00225000,JPM,2026-08-14,call,225.0,107.09,1.0,112.96,1.0,110.025,,,,,,,,,2026-07-13,338.18,338.18,332.595,334.6,238624.0,334.521033
2026-07-13T20:33:56.383,30,32,JPM260814C00230000,JPM,2026-08-14,call,230.0,104.42,1.0,109.01,3.0,106.715,,,0.7633,0.9631,0.0011,-0.1169,0.08,0.1891,2026-07-13,338.18,338.18,332.595,334.6,238624.0,334.521033
2026-07-13T20:33:56.383,30,32,JPM260814C00235000,JPM,2026-08-14,call,235.0,98.72,1.0,101.17,1.0,99.945,,,,,,,,,2026-07-13,338.18,338.18,332.595,334.6,238624.0,334.521033
2026-07-13T20:33:56.383,30,32,JPM260814C00240000,JPM,2026-08-14,call,240.0,93.14,1.0,98.34,1.0,95.74000000000001,,,0.5136,0.9889,0.0006,-0.0468,0.029,0.2063,2026-07-13,338.18,338.18,332.595,334.6,238624.0,334.521033
2026-07-13T20:33:56.383,30,32,JPM260814C00245000,JPM,2026-08-14,call,245.0,88.41,1.0,93.87,1.0,91.14,,,0.572,0.9742,0.0011,-0.0766,0.0594,0.206,2026-07-13,338.18,338.18,332.595,334.6,238624.0,334.521033
2026-07-13T20:33:56.383,30,32,JPM260814C00250000,JPM,2026-08-14,call,250.0,84.76,1.0,87.75,1.0,86.255,,,0.5558,0.9697,0.0012,-0.0829,0.0681,0.209,2026-07-13,338.18,338.18,332.595,334.6,238624.0,334.521033
2026-07-13T20:33:56.383,30,32,JPM260814C00255000,JPM,2026-08-14,call,255.0,80.23,1.0,81.67,3.0,80.95,84.05,1.0,0.4705,0.9796,0.0011,-0.0605,0.0487,0.2166,2026-07-13,338.18,338.18,332.595,334.6,238624.0,334.521033
2026-07-13T20:33:56.383,30,32,JPM260814C00260000,JPM,2026-08-14,call,260.0,74.47,1.0,78.59,2.0,76.53,,,0.5227,0.9583,0.0017,-0.0966,0.0884,0.2142,2026-07-13,338.18,338.18,332.595,334.6,238624.0,334.521033
2026-07-13T20:33:56.383,30,32,JPM260814C00265000,JPM,2026-08-14,call,265.0,69.52,1.0,73.35,6.0,71.435,,,0.4781,0.9594,0.0018,-0.0895,0.0864,0.219,2026-07-13,338.18,338.18,332.595,334.6,238624.0,334.521033
2026-07-13T20:33:56.383,30,32,JPM260814C00270000,JPM,2026-08-14,call,270.0,64.879,1.0,67.34,2.0,66.1095,69.3,1.0,0.4035,0.9704,0.0017,-0.0679,0.0668,0.2268,2026-07-13,338.18,338.18,332.595,334.6,238624.0,334.521033
2026-07-13T20:33:56.383,30,32,JPM260814C00275000,JPM,2026-08-14,call,275.0,58.69,1.0,64.15,1.0,61.42,,,0.4109,0.9558,0.0023,-0.0853,0.0926,0.2267,2026-07-13,338.18,338.18,332.595,334.6,238624.0,334.521033
2026-07-13T20:33:56.383,30,32,JPM260814C00280000,JPM,2026-08-14,call,280.0,54.89,1.0,58.09,1.0,56.49,,,0.3859,0.9504,0.0027,-0.0874,0.1016,0.2294,2026-07-13,338.18,338.18,332.595,334.6,238624.0,334.521033
2026-07-13T20:33:56.383,30,32,JPM260814C00285000,JPM,2026-08-14,call,285.0,49.26,2.0,53.94,8.0,51.599999999999994,,,0.3638,0.9427,0.0032,-0.0911,0.1139,0.2314,2026-07-13,338.18,338.18,332.595,334.6,238624.0,334.521033
2026-07-13T20:33:56.383,30,32,JPM260814C00290000,JPM,2026-08-14,call,290.0,43.93,4.0,49.23,5.0,46.58,,,0.3299,0.9396,0.0037,-0.088,0.1187,0.2349,2026-07-13,338.18,338.18,332.595,334.6,238624.0,334.521033
2026-07-13T20:33:56.383,30,32,JPM260814C00295000,JPM,2026-08-14,call,295.0,39.35,1.0,43.61,18.0,41.480000000000004,,,0.2898,0.9399,0.0042,-0.0808,0.1182,0.2395,2026-07-13,338.18,338.18,332.595,334.6,238624.0,334.521033
2026-07-13T20:33:56.383,30,32,JPM260814C00300000,JPM,2026-08-14,call,300.0,35.07,5.0,38.58,1.0,36.825,36.0,8.0,0.2835,0.9172,0.0054,-0.094,0.1512,0.2369,2026-07-13,338.18,338.18,332.595,334.6,238624.0,334.521033
2026-07-13T20:33:56.383,30,32,JPM260814C00305000,JPM,2026-08-14,call,305.0,31.33,8.0,34.48,10.0,32.905,36.2,1.0,0.3075,0.8651,0.0071,-0.129,0.2151,0.2251,2026-07-13,338.18,338.18,332.595,334.6,238624.0,334.521033
2026-07-13T20:33:56.383,30,32,JPM260814C00310000,JPM,2026-08-14,call,310.0,27.37,5.0,30.13,12.0,28.75,31.83,1.0,0.3051,0.8242,0.0085,-0.1469,0.2563,0.2167,2026-07-13,338.18,338.18,332.595,334.6,238624.0,334.521033
2026-07-13T20:33:56.383,30,32,JPM260814C00315000,JPM,2026-08-14,call,315.0,23.38,22.0,25.75,22.0,24.564999999999998,23.98,1.0,0.294,0.7822,0.0101,-0.1577,0.2918,0.208,2026-07-13,338.18,338.18,332.595,334.6,238624.0,334.521033
2026-07-13T20:33:56.383,30,32,JPM260814C00320000,JPM,2026-08-14,call,320.0,19.08,2.0,21.4,5.0,20.24,22.14,2.0,0.2724,0.7387,0.012,-0.1598,0.3223,0.1991,2026-07-13,338.18,338.18,332.595,334.6,238624.0,334.521033
2026-07-13T20:33:56.383,30,32,JPM260814C00325000,JPM,2026-08-14,call,325.0,15.74,45.0,18.18,62.0,16.96,16.77,1.0,0.2751,0.6713,0.0133,-0.1748,0.3584,0.1822,2026-07-13,338.18,338.18,332.595,334.6,238624.0,334.521033
2026-07-13T20:33:56.383,30,32,JPM260814C00330000,JPM,2026-08-14,call,330.0,12.35,4.0,14.52,17.0,13.434999999999999,12.9,5.0,0.2619,0.6045,0.0148,-0.1751,0.3818,0.1656,2026-07-13,338.18,338.18,332.595,334.6,238624.0,334.521033
2026-07-13T20:33:56.383,30,32,JPM260814C00335000,JPM,2026-08-14,call,335.0,9.51,2.0,11.6,129.0,10.555,10.62,1.0,0.2566,0.5283,0.0156,-0.1747,0.3944,0.1458,2026-07-13,338.18,338.18,332.595,334.6,238624.0,334.521033
2026-07-13T20:33:56.383,30,32,JPM260814C00340000,JPM,2026-08-14,call,340.0,7.17,1.0,8.48,4.0,7.825,8.02,2.0,0.2453,0.447,0.0163,-0.1644,0.392,0.1243,2026-07-13,338.18,338.18,332.595,334.6,238624.0,334.521033
2026-07-13T20:33:56.383,30,32,JPM260814C00345000,JPM,2026-08-14,call,345.0,5.17,5.0,7.71,129.0,6.4399999999999995,6.15,2.0,0.2588,0.3772,0.0148,-0.1643,0.3766,0.1051,2026-07-13,338.18,338.18,332.595,334.6,238624.0,334.521033
2026-07-13T20:33:56.383,30,32,JPM260814C00350000,JPM,2026-08-14,call,350.0,4.05,1.0,5.31,87.0,4.68,4.7,2.0,0.2533,0.304,0.0139,-0.1469,0.3467,0.0851,2026-07-13,338.18,338.18,332.595,334.6,238624.0,334.521033
2026-07-13T20:33:56.383,30,32,JPM260814C00355000,JPM,2026-08-14,call,355.0,2.6,7.0,3.5,101.0,3.05,3.35,1.0,0.2403,0.2284,0.0127,-0.1199,0.2998,0.0644,2026-07-13,338.18,338.18,332.595,334.6,238624.0,334.521033
2026-07-13T20:33:56.383,30,32,JPM260814C00360000,JPM,2026-08-14,call,360.0,1.47,33.0,3.53,1.0,2.5,2.1,1.0,0.2538,0.1876,0.0107,-0.1119,0.2669,0.0529,2026-07-13,338.18,338.18,332.595,334.6,238624.0,334.521033
2026-07-13T20:33:56.383,30,32,JPM260814C00365000,JPM,2026-08-14,call,365.0,0.54,10.0,3.52,54.0,2.0300000000000002,1.59,30.0,0.2651,0.1535,0.009,-0.1022,0.2347,0.0433,2026-07-13,338.18,338.18,332.595,334.6,238624.0,334.521033
2026-07-13T20:33:56.383,30,32,JPM260814C00370000,JPM,2026-08-14,call,370.0,0.0,0.0,1.86,67.0,0.93,2.24,1.0,,,,,,,2026-07-13,338.18,338.18,332.595,334.6,238624.0,334.521033
2026-07-13T20:33:56.383,30,32,JPM260814C00375000,JPM,2026-08-14,call,375.0,0.0,0.0,2.29,28.0,1.145,,,,,,,,,2026-07-13,338.18,338.18,332.595,334.6,238624.0,334.521033
2026-07-13T20:33:56.383,30,32,JPM260814C00380000,JPM,2026-08-14,call,380.0,0.0,0.0,0.48,30.0,0.24,,,,,,,,,2026-07-13,338.18,338.18,332.595,334.6,238624.0,334.521033
2026-07-13T20:33:56.383,30,32,JPM260814C00385000,JPM,2026-08-14,call,385.0,0.0,0.0,1.28,39.0,0.64,,,,,,,,,2026-07-13,338.18,338.18,332.595,334.6,238624.0,334.521033
2026-07-13T20:33:56.383,30,32,JPM260814C00390000,JPM,2026-08-14,call,390.0,0.0,0.0,0.53,184.0,0.265,0.35,2.0,,,,,,,2026-07-13,338.18,338.18,332.595,334.6,238624.0,334.521033
2026-07-13T20:33:56.383,30,32,JPM260814C00395000,JPM,2026-08-14,call,395.0,0.0,0.0,2.28,114.0,1.14,,,,,,,,,2026-07-13,338.18,338.18,332.595,334.6,238624.0,334.521033
2026-07-13T20:33:56.383,30,32,JPM260814C00400000,JPM,2026-08-14,call,400.0,0.03,33.0,0.26,75.0,0.14500000000000002,,,0.2692,0.0156,0.0015,-0.0169,0.0389,0.0045,2026-07-13,338.18,338.18,332.595,334.6,238624.0,334.521033
2026-07-13T20:33:56.383,30,32,JPM260814C00405000,JPM,2026-08-14,call,405.0,0.0,0.0,2.23,20.0,1.115,,,,,,,,,2026-07-13,338.18,338.18,332.595,334.6,238624.0,334.521033
2026-07-13T20:33:56.383,30,32,JPM260814P00170000,JPM,2026-08-14,put,170.0,0.0,0.0,0.04,3.0,0.02,,,,,,,,,2026-07-13,338.18,338.18,332.595,334.6,238624.0,334.521033
2026-07-13T20:33:56.383,30,32,JPM260814P00175000,JPM,2026-08-14,put,175.0,0.0,0.0,2.11,64.0,1.055,0.01,7.0,,,,,,,2026-07-13,338.18,338.18,332.595,334.6,238624.0,334.521033
2026-07-13T20:33:56.383,30,32,JPM260814P00180000,JPM,2026-08-14,put,180.0,0.0,0.0,2.16,7.0,1.08,,,,,,,,,2026-07-13,338.18,338.18,332.595,334.6,238624.0,334.521033
2026-07-13T20:33:56.383,30,32,JPM260814P00185000,JPM,2026-08-14,put,185.0,0.0,0.0,2.15,7.0,1.075,,,,,,,,,2026-07-13,338.18,338.18,332.595,334.6,238624.0,334.521033
2026-07-13T20:33:56.383,30,32,JPM260814P00190000,JPM,2026-08-14,put,190.0,0.0,0.0,2.17,8.0,1.085,,,,,,,,,2026-07-13,338.18,338.18,332.595,334.6,238624.0,334.521033
2026-07-13T20:33:56.383,30,32,JPM260814P00195000,JPM,2026-08-14,put,195.0,0.0,0.0,2.16,8.0,1.08,,,,,,,,,2026-07-13,338.18,338.18,332.595,334.6,238624.0,334.521033
2026-07-13T20:33:56.383,30,32,JPM260814P00200000,JPM,2026-08-14,put,200.0,0.0,0.0,2.1,4.0,1.05,,,,,,,,,2026-07-13,338.18,338.18,332.595,334.6,238624.0,334.521033
2026-07-13T20:33:56.383,30,32,JPM260814P00205000,JPM,2026-08-14,put,205.0,0.0,0.0,2.17,3.0,1.085,,,,,,,,,2026-07-13,338.18,338.18,332.595,334.6,238624.0,334.521033
2026-07-13T20:33:56.383,30,32,JPM260814P00210000,JPM,2026-08-14,put,210.0,0.0,0.0,2.11,5.0,1.055,,,,,,,,,2026-07-13,338.18,338.18,332.595,334.6,238624.0,334.521033
2026-07-13T20:33:56.383,30,32,JPM260814P00215000,JPM,2026-08-14,put,215.0,0.0,0.0,2.15,3.0,1.075,,,,,,,,,2026-07-13,338.18,338.18,332.595,334.6,238624.0,334.521033
2026-07-13T20:33:56.383,30,32,JPM260814P00220000,JPM,2026-08-14,put,220.0,0.0,0.0,2.16,5.0,1.08,,,,,,,,,2026-07-13,338.18,338.18,332.595,334.6,238624.0,334.521033
2026-07-13T20:33:56.383,30,32,JPM260814P00225000,JPM,2026-08-14,put,225.0,0.0,0.0,2.16,3.0,1.08,,,,,,,,,2026-07-13,338.18,338.18,332.595,334.6,238624.0,334.521033
2026-07-13T20:33:56.383,30,32,JPM260814P00230000,JPM,2026-08-14,put,230.0,0.0,0.0,2.11,2.0,1.055,,,,,,,,,2026-07-13,338.18,338.18,332.595,334.6,238624.0,334.521033
2026-07-13T20:33:56.383,30,32,JPM260814P00235000,JPM,2026-08-14,put,235.0,0.0,0.0,2.15,5.0,1.075,,,,,,,,,2026-07-13,338.18,338.18,332.595,334.6,238624.0,334.521033
2026-07-13T20:33:56.383,30,32,JPM260814P00240000,JPM,2026-08-14,put,240.0,0.0,0.0,2.15,10.0,1.075,,,,,,,,,2026-07-13,338.18,338.18,332.595,334.6,238624.0,334.521033
2026-07-13T20:33:56.383,30,32,JPM260814P00245000,JPM,2026-08-14,put,245.0,0.0,0.0,2.15,5.0,1.075,,,,,,,,,2026-07-13,338.18,338.18,332.595,334.6,238624.0,334.521033
2026-07-13T20:33:56.383,30,32,JPM260814P00250000,JPM,2026-08-14,put,250.0,0.0,0.0,0.72,3.0,0.36,,,,,,,,,2026-07-13,338.18,338.18,332.595,334.6,238624.0,334.521033
2026-07-13T20:33:56.383,30,32,JPM260814P00255000,JPM,2026-08-14,put,255.0,0.0,0.0,0.53,1.0,0.265,,,,,,,,,2026-07-13,338.18,338.18,332.595,334.6,238624.0,334.521033
2026-07-13T20:33:56.383,30,32,JPM260814P00260000,JPM,2026-08-14,put,260.0,0.0,0.0,0.62,114.0,0.31,,,,,,,,,2026-07-13,338.18,338.18,332.595,334.6,238624.0,334.521033
2026-07-13T20:33:56.383,30,32,JPM260814P00265000,JPM,2026-08-14,put,265.0,0.0,0.0,2.16,46.0,1.08,,,,,,,,,2026-07-13,338.18,338.18,332.595,334.6,238624.0,334.521033
2026-07-13T20:33:56.383,30,32,JPM260814P00270000,JPM,2026-08-14,put,270.0,0.0,0.0,0.66,114.0,0.33,0.34,3.0,,,,,,,2026-07-13,338.18,338.18,332.595,334.6,238624.0,334.521033
2026-07-13T20:33:56.383,30,32,JPM260814P00275000,JPM,2026-08-14,put,275.0,0.0,0.0,0.69,100.0,0.345,0.23,1.0,,,,,,,2026-07-13,338.18,338.18,332.595,334.6,238624.0,334.521033
2026-07-13T20:33:56.383,30,32,JPM260814P00280000,JPM,2026-08-14,put,280.0,0.05,800.0,0.37,10.0,0.21,0.4,22.0,0.3016,-0.0187,0.0015,-0.0207,0.0454,-0.0057,2026-07-13,338.18,338.18,332.595,334.6,238624.0,334.521033
2026-07-13T20:33:56.383,30,32,JPM260814P00285000,JPM,2026-08-14,put,285.0,0.24,19.0,0.48,1.0,0.36,0.43,41.0,0.3021,-0.0301,0.0023,-0.0309,0.0676,-0.0091,2026-07-13,338.18,338.18,332.595,334.6,238624.0,334.521033
2026-07-13T20:33:56.383,30,32,JPM260814P00290000,JPM,2026-08-14,put,290.0,0.22,222.0,0.77,2.0,0.495,1.04,1.0,0.292,-0.0409,0.003,-0.0383,0.087,-0.0124,2026-07-13,338.18,338.18,332.595,334.6,238624.0,334.521033
2026-07-13T20:33:56.383,30,32,JPM260814P00295000,JPM,2026-08-14,put,295.0,0.11,131.0,1.03,20.0,0.5700000000000001,0.94,1.0,0.2717,-0.0493,0.0038,-0.0412,0.101,-0.015,2026-07-13,338.18,338.18,332.595,334.6,238624.0,334.521033
2026-07-13T20:33:56.383,30,32,JPM260814P00300000,JPM,2026-08-14,put,300.0,0.47,165.0,1.37,1.0,0.92,1.25,1.0,0.2712,-0.0741,0.0052,-0.0564,0.1391,-0.0226,2026-07-13,338.18,338.18,332.595,334.6,238624.0,334.521033
2026-07-13T20:33:56.383,30,32,JPM260814P00305000,JPM,2026-08-14,put,305.0,0.99,7.0,2.07,5.0,1.5299999999999998,1.97,1.0,0.2762,-0.1114,0.0069,-0.0773,0.1881,-0.034,2026-07-13,338.18,338.18,332.595,334.6,238624.0,334.521033
2026-07-13T20:33:56.383,30,32,JPM260814P00310000,JPM,2026-08-14,put,310.0,1.87,1.0,2.98,30.0,2.425,2.36,41.0,0.2823,-0.1588,0.0086,-0.1003,0.24,-0.0487,2026-07-13,338.18,338.18,332.595,334.6,238624.0,334.521033
2026-07-13T20:33:56.383,30,32,JPM260814P00315000,JPM,2026-08-14,put,315.0,2.52,45.0,3.67,1.0,3.0949999999999998,3.15,20.0,0.2696,-0.1997,0.0105,-0.1098,0.2773,-0.0613,2026-07-13,338.18,338.18,332.595,334.6,238624.0,334.521033
2026-07-13T20:33:56.383,30,32,JPM260814P00320000,JPM,2026-08-14,put,320.0,3.27,19.0,4.7,5.0,3.9850000000000003,4.09,3.0,0.2578,-0.2511,0.0125,-0.1184,0.3157,-0.0772,2026-07-13,338.18,338.18,332.595,334.6,238624.0,334.521033
2026-07-13T20:33:56.383,30,32,JPM260814P00325000,JPM,2026-08-14,put,325.0,4.47,6.0,6.77,10.0,5.619999999999999,6.15,2.0,0.2602,-0.3211,0.0139,-0.133,0.355,-0.0992,2026-07-13,338.18,338.18,332.595,334.6,238624.0,334.521033
2026-07-13T20:33:56.383,30,32,JPM260814P00330000,JPM,2026-08-14,put,330.0,6.0,129.0,8.55,132.0,7.275,7.45,15.0,0.253,-0.3929,0.0153,-0.1368,0.3811,-0.1217,2026-07-13,338.18,338.18,332.595,334.6,238624.0,334.521033
2026-07-13T20:33:56.383,30,32,JPM260814P00335000,JPM,2026-08-14,put,335.0,8.51,15.0,9.85,2.0,9.18,10.3,1.0,0.243,-0.4718,0.0165,-0.1331,0.3945,-0.1465,2026-07-13,338.18,338.18,332.595,334.6,238624.0,334.521033
2026-07-13T20:33:56.383,30,32,JPM260814P00340000,JPM,2026-08-14,put,340.0,9.86,9.0,13.15,15.0,11.504999999999999,12.26,1.0,0.2334,-0.5571,0.0171,-0.123,0.3914,-0.1736,2026-07-13,338.18,338.18,332.595,334.6,238624.0,334.521033
2026-07-13T20:33:56.383,30,32,JPM260814P00345000,JPM,2026-08-14,put,345.0,13.73,22.0,16.78,1.0,15.255,,,0.2505,-0.6277,0.0152,-0.1243,0.375,-0.1976,2026-07-13,338.18,338.18,332.595,334.6,238624.0,334.521033
2026-07-13T20:33:56.383,30,32,JPM260814P00350000,JPM,2026-08-14,put,350.0,16.76,4.0,20.75,5.0,18.755000000000003,,,0.2522,-0.6969,0.014,-0.1113,0.3462,-0.221,2026-07-13,338.18,338.18,332.595,334.6,238624.0,334.521033
2026-07-13T20:33:56.383,30,32,JPM260814P00355000,JPM,2026-08-14,put,355.0,20.35,6.0,24.69,7.0,22.520000000000003,,,0.2526,-0.7594,0.0124,-0.0941,0.3085,-0.2426,2026-07-13,338.18,338.18,332.595,334.6,238624.0,334.521033
2026-07-13T20:33:56.383,30,32,JPM260814P00360000,JPM,2026-08-14,put,360.0,24.33,8.0,27.81,5.0,26.07,,,0.2339,-0.8335,0.0108,-0.06,0.2475,-0.2675,2026-07-13,338.18,338.18,332.595,334.6,238624.0,334.521033
2026-07-13T20:33:56.383,30,32,JPM260814P00365000,JPM,2026-08-14,put,365.0,29.12,7.0,32.42,1.0,30.770000000000003,,,0.2508,-0.8608,0.0089,-0.0543,0.2197,-0.2796,2026-07-13,338.18,338.18,332.595,334.6,238624.0,334.521033
2026-07-13T20:33:56.383,30,32,JPM260814P00370000,JPM,2026-08-14,put,370.0,33.61,12.0,37.27,7.0,35.44,,,0.2624,-0.8864,0.0074,-0.045,0.1907,-0.2912,2026-07-13,338.18,338.18,332.595,334.6,238624.0,334.521033
2026-07-13T20:33:56.383,30,32,JPM260814P00375000,JPM,2026-08-14,put,375.0,37.74,1.0,41.92,1.0,39.83,,,0.2508,-0.9262,0.0056,-0.0194,0.1386,-0.3067,2026-07-13,338.18,338.18,332.595,334.6,238624.0,334.521033
2026-07-13T20:33:56.383,30,32,JPM260814P00380000,JPM,2026-08-14,put,380.0,43.13,2.0,47.96,1.0,45.545,,,0.3203,-0.8953,0.0057,-0.0555,0.1798,-0.3027,2026-07-13,338.18,338.18,332.595,334.6,238624.0,334.521033
2026-07-13T20:33:56.383,30,32,JPM260814P00385000,JPM,2026-08-14,put,385.0,48.16,1.0,52.39,1.0,50.275,,,0.329,-0.912,0.0049,-0.0458,0.1582,-0.3118,2026-07-13,338.18,338.18,332.595,334.6,238624.0,334.521033
2026-07-13T20:33:56.383,30,32,JPM260814P00390000,JPM,2026-08-14,put,390.0,53.47,3.0,57.99,1.0,55.730000000000004,,,0.3805,-0.8981,0.0047,-0.0693,0.1764,-0.3124,2026-07-13,338.18,338.18,332.595,334.6,238624.0,334.521033
2026-07-13T20:33:56.383,30,32,JPM260814P00395000,JPM,2026-08-14,put,395.0,59.11,1.0,61.47,1.0,60.29,,,0.3771,-0.9188,0.004,-0.0511,0.149,-0.3225,2026-07-13,338.18,338.18,332.595,334.6,238624.0,334.521033
2026-07-13T20:33:56.383,30,32,JPM260814P00400000,JPM,2026-08-14,put,400.0,63.51,3.0,68.1,1.0,65.80499999999999,,,0.4326,-0.9033,0.004,-0.078,0.1697,-0.3228,2026-07-13,338.18,338.18,332.595,334.6,238624.0,334.521033
2026-07-13T20:33:56.383,30,32,JPM260814P00405000,JPM,2026-08-14,put,405.0,68.24,3.0,72.45,1.0,70.345,,,0.4261,-0.9224,0.0034,-0.0581,0.1441,-0.3324,2026-07-13,338.18,338.18,332.595,334.6,238624.0,334.521033
2026-07-13T20:33:56.383,45,46,JPM260828C00170000,JPM,2026-08-28,call,170.0,163.63,3.0,168.38,6.0,166.005,,,,,,,,,2026-07-13,338.18,338.18,332.595,334.6,238624.0,334.521033
2026-07-13T20:33:56.383,45,46,JPM260828C00175000,JPM,2026-08-28,call,175.0,160.43,1.0,166.12,31.0,163.275,,,,,,,,,2026-07-13,338.18,338.18,332.595,334.6,238624.0,334.521033
2026-07-13T20:33:56.383,45,46,JPM260828C00180000,JPM,2026-08-28,call,180.0,154.92,1.0,157.53,1.0,156.225,,,,,,,,,2026-07-13,338.18,338.18,332.595,334.6,238624.0,334.521033
2026-07-13T20:33:56.383,45,46,JPM260828C00185000,JPM,2026-08-28,call,185.0,149.66,2.0,153.69,7.0,151.675,,,,,,,,,2026-07-13,338.18,338.18,332.595,334.6,238624.0,334.521033
2026-07-13T20:33:56.383,45,46,JPM260828C00190000,JPM,2026-08-28,call,190.0,142.22,1.0,146.02,30.0,144.12,,,,,,,,,2026-07-13,338.18,338.18,332.595,334.6,238624.0,334.521033
2026-07-13T20:33:56.383,45,46,JPM260828C00195000,JPM,2026-08-28,call,195.0,141.41,2.0,145.36,7.0,143.385,,,,,,,,,2026-07-13,338.18,338.18,332.595,334.6,238624.0,334.521033
2026-07-13T20:33:56.383,45,46,JPM260828C00200000,JPM,2026-08-28,call,200.0,136.46,1.0,139.68,6.0,138.07,,,0.9573,0.9554,0.0008,-0.1347,0.1119,0.2291,2026-07-13,338.18,338.18,332.595,334.6,238624.0,334.521033
2026-07-13T20:33:56.383,45,46,JPM260828C00205000,JPM,2026-08-28,call,205.0,129.22,1.0,135.46,2.0,132.34,,,0.8473,0.9638,0.0008,-0.1061,0.0945,0.2398,2026-07-13,338.18,338.18,332.595,334.6,238624.0,334.521033
2026-07-13T20:33:56.383,45,46,JPM260828C00210000,JPM,2026-08-28,call,210.0,123.5,1.0,127.07,27.0,125.285,,,,,,,,,2026-07-13,338.18,338.18,332.595,334.6,238624.0,334.521033
2026-07-13T20:33:56.383,45,46,JPM260828C00215000,JPM,2026-08-28,call,215.0,118.65,1.0,122.42,6.0,120.535,,,,,,,,,2026-07-13,338.18,338.18,332.595,334.6,238624.0,334.521033
2026-07-13T20:33:56.383,45,46,JPM260828C00220000,JPM,2026-08-28,call,220.0,111.87,1.0,118.94,2.0,115.405,,,,,,,,,2026-07-13,338.18,338.18,332.595,334.6,238624.0,334.521033
2026-07-13T20:33:56.383,45,46,JPM260828C00225000,JPM,2026-08-28,call,225.0,109.03,1.0,112.73,1.0,110.88,,,0.4436,0.9957,0.0002,-0.0295,0.0149,0.2804,2026-07-13,338.18,338.18,332.595,334.6,238624.0,334.521033
2026-07-13T20:33:56.383,45,46,JPM260828C00230000,JPM,2026-08-28,call,230.0,103.13,1.0,107.22,1.0,105.175,,,,,,,,,2026-07-13,338.18,338.18,332.595,334.6,238624.0,334.521033
2026-07-13T20:33:56.383,45,46,JPM260828C00235000,JPM,2026-08-28,call,235.0,97.82,1.0,103.25,1.0,100.535,,,,,,,,,2026-07-13,338.18,338.18,332.595,334.6,238624.0,334.521033
2026-07-13T20:33:56.383,45,46,JPM260828C00240000,JPM,2026-08-28,call,240.0,95.63,1.0,98.69,1.0,97.16,,,0.5852,0.958,0.0013,-0.0902,0.1065,0.2817,2026-07-13,338.18,338.18,332.595,334.6,238624.0,334.521033
2026-07-13T20:33:56.383,45,46,JPM260828C00245000,JPM,2026-08-28,call,245.0,89.2,1.0,93.91,1.0,91.555,,,0.4881,0.9723,0.0011,-0.0637,0.0758,0.2948,2026-07-13,338.18,338.18,332.595,334.6,238624.0,334.521033
2026-07-13T20:33:56.383,45,46,JPM260828C00250000,JPM,2026-08-28,call,250.0,84.57,1.0,87.24,7.0,85.905,,,,,,,,,2026-07-13,338.18,338.18,332.595,334.6,238624.0,334.521033
2026-07-13T20:33:56.383,45,46,JPM260828C00255000,JPM,2026-08-28,call,255.0,78.21,10.0,84.33,11.0,81.27,,,0.3867,0.9815,0.001,-0.0475,0.054,0.3117,2026-07-13,338.18,338.18,332.595,334.6,238624.0,334.521033
2026-07-13T20:33:56.383,45,46,JPM260828C00260000,JPM,2026-08-28,call,260.0,73.51,6.0,78.8,6.0,76.155,,,0.3344,0.987,0.0008,-0.04,0.0397,0.3205,2026-07-13,338.18,338.18,332.595,334.6,238624.0,334.521033
2026-07-13T20:33:56.383,45,46,JPM260828C00265000,JPM,2026-08-28,call,265.0,69.56,6.0,73.71,5.0,71.63499999999999,,,0.3826,0.9658,0.0017,-0.0627,0.09,0.3172,2026-07-13,338.18,338.18,332.595,334.6,238624.0,334.521033
2026-07-13T20:33:56.383,45,46,JPM260828C00270000,JPM,2026-08-28,call,270.0,66.32,5.0,69.42,1.0,67.87,,,0.4502,0.9271,0.0026,-0.1049,0.1647,0.3056,2026-07-13,338.18,338.18,332.595,334.6,238624.0,334.521033
2026-07-13T20:33:56.383,45,46,JPM260828C00275000,JPM,2026-08-28,call,275.0,59.41,5.0,63.17,1.0,61.29,,,0.2825,0.9802,0.0014,-0.0443,0.0571,0.3363,2026-07-13,338.18,338.18,332.595,334.6,238624.0,334.521033
2026-07-13T20:33:56.383,45,46,JPM260828C00280000,JPM,2026-08-28,call,280.0,56.05,5.0,58.48,5.0,57.265,,,0.352,0.9369,0.003,-0.0821,0.1473,0.3231,2026-07-13,338.18,338.18,332.595,334.6,238624.0,334.521033
2026-07-13T20:33:56.383,45,46,JPM260828C00285000,JPM,2026-08-28,call,285.0,51.44,2.0,55.31,6.0,53.375,52.45,5.0,0.3844,0.9,0.0038,-0.112,0.2086,0.3124,2026-07-13,338.18,338.18,332.595,334.6,238624.0,334.521033
2026-07-13T20:33:56.383,45,46,JPM260828C00290000,JPM,2026-08-28,call,290.0,47.17,77.0,49.28,99.0,48.225,47.7,5.0,0.3463,0.8974,0.0043,-0.1053,0.2126,0.3178,2026-07-13,338.18,338.18,332.595,334.6,238624.0,334.521033
2026-07-13T20:33:56.383,45,46,JPM260828C00295000,JPM,2026-08-28,call,295.0,42.11,5.0,44.82,19.0,43.465,43.1,5.0,0.3262,0.8829,0.0051,-0.1081,0.2336,0.3177,2026-07-13,338.18,338.18,332.595,334.6,238624.0,334.521033
2026-07-13T20:33:56.383,45,46,JPM260828C00300000,JPM,2026-08-28,call,300.0,37.38,2.0,40.69,30.0,39.035,38.5,1.0,0.3173,0.8579,0.006,-0.1171,0.2672,0.3128,2026-07-13,338.18,338.18,332.595,334.6,238624.0,334.521033
2026-07-13T20:33:56.383,45,46,JPM260828C00305000,JPM,2026-08-28,call,305.0,31.8,32.0,35.77,12.0,33.785000000000004,,,0.2759,0.8524,0.007,-0.1075,0.2741,0.3171,2026-07-13,338.18,338.18,332.595,334.6,238624.0,334.521033
2026-07-13T20:33:56.383,45,46,JPM260828C00310000,JPM,2026-08-28,call,310.0,28.17,2.0,31.59,11.0,29.880000000000003,29.4,1.0,0.2793,0.8083,0.0082,-0.1226,0.3243,0.3034,2026-07-13,338.18,338.18,332.595,334.6,238624.0,334.521033
2026-07-13T20:33:56.383,45,46,JPM260828C00315000,JPM,2026-08-28,call,315.0,24.85,20.0,27.2,1.0,26.025,25.3,1.0,0.2766,0.763,0.0094,-0.1334,0.3669,0.2891,2026-07-13,338.18,338.18,332.595,334.6,238624.0,334.521033
2026-07-13T20:33:56.383,45,46,JPM260828C00320000,JPM,2026-08-28,call,320.0,20.52,15.0,23.72,6.0,22.119999999999997,,,0.2667,0.7166,0.0107,-0.1385,0.4024,0.2744,2026-07-13,338.18,338.18,332.595,334.6,238624.0,334.521033
2026-07-13T20:33:56.383,45,46,JPM260828C00325000,JPM,2026-08-28,call,325.0,16.28,5.0,19.53,6.0,17.905,,,0.2446,0.6692,0.0125,-0.1352,0.4308,0.2598,2026-07-13,338.18,338.18,332.595,334.6,238624.0,334.521033
2026-07-13T20:33:56.383,45,46,JPM260828C00330000,JPM,2026-08-28,call,330.0,13.54,1.0,16.94,6.0,15.24,16.0,5.0,0.252,0.6013,0.0129,-0.1443,0.4587,0.2345,2026-07-13,338.18,338.18,332.595,334.6,238624.0,334.521033
2026-07-13T20:33:56.383,45,46,JPM260828C00335000,JPM,2026-08-28,call,335.0,11.22,1.0,13.67,1.0,12.445,12.45,1.0,0.249,0.5353,0.0134,-0.1445,0.4723,0.2102,2026-07-13,338.18,338.18,332.595,334.6,238624.0,334.521033
2026-07-13T20:33:56.383,45,46,JPM260828C00340000,JPM,2026-08-28,call,340.0,8.89,5.0,10.72,5.0,9.805,9.35,5.0,0.2422,0.4667,0.0138,-0.1391,0.4725,0.1845,2026-07-13,338.18,338.18,332.595,334.6,238624.0,334.521033
2026-07-13T20:33:56.383,45,46,JPM260828C00345000,JPM,2026-08-28,call,345.0,6.58,1.0,9.17,129.0,7.875,7.78,2.0,0.2435,0.4007,0.0134,-0.1343,0.4594,0.1591,2026-07-13,338.18,338.18,332.595,334.6,238624.0,334.521033
2026-07-13T20:33:56.383,45,46,JPM260828C00350000,JPM,2026-08-28,call,350.0,4.65,70.0,6.78,95.0,5.715,6.6,1.0,0.2323,0.3292,0.0131,-0.1191,0.43,0.1317,2026-07-13,338.18,338.18,332.595,334.6,238624.0,334.521033
2026-07-13T20:33:56.383,45,46,JPM260828C00355000,JPM,2026-08-28,call,355.0,2.52,1.0,5.73,9.0,4.125,4.85,2.0,0.2262,0.2633,0.0121,-0.1038,0.388,0.1059,2026-07-13,338.18,338.18,332.595,334.6,238624.0,334.521033
2026-07-13T20:33:56.383,45,46,JPM260828C00360000,JPM,2026-08-28,call,360.0,2.83,21.0,4.97,1.0,3.9,3.66,2.0,0.2496,0.2347,0.0104,-0.1065,0.3649,0.0941,2026-07-13,338.18,338.18,332.595,334.6,238624.0,334.521033
2026-07-13T20:33:56.383,45,46,JPM260828C00365000,JPM,2026-08-28,call,365.0,1.54,119.0,4.44,119.0,2.99,2.66,2.0,0.2502,0.1903,0.0091,-0.0939,0.3228,0.0765,2026-07-13,338.18,338.18,332.595,334.6,238624.0,334.521033
2026-07-13T20:33:56.383,45,46,JPM260828C00370000,JPM,2026-08-28,call,370.0,1.19,40.0,2.58,27.0,1.885,1.85,1.0,0.2367,0.1371,0.0078,-0.0715,0.2607,0.0554,2026-07-13,338.18,338.18,332.595,334.6,238624.0,334.521033
2026-07-13T20:33:56.383,45,46,JPM260828C00375000,JPM,2026-08-28,call,375.0,0.76,2.0,3.28,60.0,2.02,1.34,3.0,0.2644,0.1329,0.0068,-0.0777,0.2553,0.0535,2026-07-13,338.18,338.18,332.595,334.6,238624.0,334.521033
2026-07-13T20:33:56.383,45,46,JPM260828C00380000,JPM,2026-08-28,call,380.0,0.45,231.0,1.98,112.0,1.215,1.0,1.0,0.2497,0.0913,0.0055,-0.0559,0.195,0.037,2026-07-13,338.18,338.18,332.595,334.6,238624.0,334.521033
2026-07-13T20:33:56.383,45,46,JPM260828C00385000,JPM,2026-08-28,call,385.0,0.34,42.0,1.59,50.0,0.9650000000000001,,,0.255,0.0738,0.0046,-0.0485,0.1663,0.0299,2026-07-13,338.18,338.18,332.595,334.6,238624.0,334.521033
2026-07-13T20:33:56.383,45,46,JPM260828C00390000,JPM,2026-08-28,call,390.0,0.12,90.0,2.25,77.0,1.185,,,0.2864,0.0799,0.0044,-0.0576,0.1766,0.0322,2026-07-13,338.18,338.18,332.595,334.6,238624.0,334.521033
2026-07-13T20:33:56.383,45,46,JPM260828C00395000,JPM,2026-08-28,call,395.0,0.12,56.0,0.98,129.0,0.55,0.44,1.0,0.2599,0.0448,0.0031,-0.0332,0.1123,0.0182,2026-07-13,338.18,338.18,332.595,334.6,238624.0,334.521033
2026-07-13T20:33:56.383,45,46,JPM260828C00400000,JPM,2026-08-28,call,400.0,0.11,24.0,1.39,206.0,0.75,0.27,5.0,0.2929,0.0531,0.0031,-0.0426,0.1285,0.0214,2026-07-13,338.18,338.18,332.595,334.6,238624.0,334.521033
2026-07-13T20:33:56.383,45,46,JPM260828C00405000,JPM,2026-08-28,call,405.0,0.0,0.0,2.33,119.0,1.165,0.4,1.0,,,,,,,2026-07-13,338.18,338.18,332.595,334.6,238624.0,334.521033
2026-07-13T20:33:56.383,45,46,JPM260828P00170000,JPM,2026-08-28,put,170.0,0.0,0.0,2.16,6.0,1.08,,,,,,,,,2026-07-13,338.18,338.18,332.595,334.6,238624.0,334.521033
2026-07-13T20:33:56.383,45,46,JPM260828P00175000,JPM,2026-08-28,put,175.0,0.0,0.0,2.11,6.0,1.055,,,,,,,,,2026-07-13,338.18,338.18,332.595,334.6,238624.0,334.521033
2026-07-13T20:33:56.383,45,46,JPM260828P00180000,JPM,2026-08-28,put,180.0,0.0,0.0,2.11,6.0,1.055,,,,,,,,,2026-07-13,338.18,338.18,332.595,334.6,238624.0,334.521033
2026-07-13T20:33:56.383,45,46,JPM260828P00185000,JPM,2026-08-28,put,185.0,0.0,0.0,2.11,6.0,1.055,,,,,,,,,2026-07-13,338.18,338.18,332.595,334.6,238624.0,334.521033
2026-07-13T20:33:56.383,45,46,JPM260828P00190000,JPM,2026-08-28,put,190.0,0.0,0.0,2.11,6.0,1.055,,,,,,,,,2026-07-13,338.18,338.18,332.595,334.6,238624.0,334.521033
2026-07-13T20:33:56.383,45,46,JPM260828P00195000,JPM,2026-08-28,put,195.0,0.0,0.0,2.15,6.0,1.075,,,,,,,,,2026-07-13,338.18,338.18,332.595,334.6,238624.0,334.521033
2026-07-13T20:33:56.383,45,46,JPM260828P00200000,JPM,2026-08-28,put,200.0,0.0,0.0,2.11,11.0,1.055,,,,,,,,,2026-07-13,338.18,338.18,332.595,334.6,238624.0,334.521033
2026-07-13T20:33:56.383,45,46,JPM260828P00205000,JPM,2026-08-28,put,205.0,0.0,0.0,2.15,6.0,1.075,,,,,,,,,2026-07-13,338.18,338.18,332.595,334.6,238624.0,334.521033
2026-07-13T20:33:56.383,45,46,JPM260828P00210000,JPM,2026-08-28,put,210.0,0.0,0.0,2.11,20.0,1.055,,,,,,,,,2026-07-13,338.18,338.18,332.595,334.6,238624.0,334.521033
2026-07-13T20:33:56.383,45,46,JPM260828P00215000,JPM,2026-08-28,put,215.0,0.0,0.0,2.11,8.0,1.055,,,,,,,,,2026-07-13,338.18,338.18,332.595,334.6,238624.0,334.521033
2026-07-13T20:33:56.383,45,46,JPM260828P00220000,JPM,2026-08-28,put,220.0,0.0,0.0,2.11,12.0,1.055,,,,,,,,,2026-07-13,338.18,338.18,332.595,334.6,238624.0,334.521033
2026-07-13T20:33:56.383,45,46,JPM260828P00225000,JPM,2026-08-28,put,225.0,0.0,0.0,2.15,26.0,1.075,,,,,,,,,2026-07-13,338.18,338.18,332.595,334.6,238624.0,334.521033
2026-07-13T20:33:56.383,45,46,JPM260828P00230000,JPM,2026-08-28,put,230.0,0.0,0.0,2.12,9.0,1.06,,,,,,,,,2026-07-13,338.18,338.18,332.595,334.6,238624.0,334.521033
2026-07-13T20:33:56.383,45,46,JPM260828P00235000,JPM,2026-08-28,put,235.0,0.0,0.0,2.17,43.0,1.085,,,,,,,,,2026-07-13,338.18,338.18,332.595,334.6,238624.0,334.521033
2026-07-13T20:33:56.383,45,46,JPM260828P00240000,JPM,2026-08-28,put,240.0,0.0,0.0,2.14,7.0,1.07,,,,,,,,,2026-07-13,338.18,338.18,332.595,334.6,238624.0,334.521033
2026-07-13T20:33:56.383,45,46,JPM260828P00245000,JPM,2026-08-28,put,245.0,0.0,0.0,2.14,7.0,1.07,,,,,,,,,2026-07-13,338.18,338.18,332.595,334.6,238624.0,334.521033
2026-07-13T20:33:56.383,45,46,JPM260828P00250000,JPM,2026-08-28,put,250.0,0.0,0.0,1.44,30.0,0.72,,,,,,,,,2026-07-13,338.18,338.18,332.595,334.6,238624.0,334.521033
2026-07-13T20:33:56.383,45,46,JPM260828P00255000,JPM,2026-08-28,put,255.0,0.0,0.0,1.19,177.0,0.595,0.44,1.0,,,,,,,2026-07-13,338.18,338.18,332.595,334.6,238624.0,334.521033
2026-07-13T20:33:56.383,45,46,JPM260828P00260000,JPM,2026-08-28,put,260.0,0.0,0.0,0.96,135.0,0.48,0.31,1.0,,,,,,,2026-07-13,338.18,338.18,332.595,334.6,238624.0,334.521033
2026-07-13T20:33:56.383,45,46,JPM260828P00265000,JPM,2026-08-28,put,265.0,0.0,0.0,0.94,77.0,0.47,0.41,1.0,,,,,,,2026-07-13,338.18,338.18,332.595,334.6,238624.0,334.521033
2026-07-13T20:33:56.383,45,46,JPM260828P00270000,JPM,2026-08-28,put,270.0,0.1,118.0,1.73,86.0,0.915,,,0.3832,-0.0462,0.0021,-0.0463,0.1151,-0.0207,2026-07-13,338.18,338.18,332.595,334.6,238624.0,334.521033
2026-07-13T20:33:56.383,45,46,JPM260828P00275000,JPM,2026-08-28,put,275.0,0.13,34.0,1.2,73.0,0.665,,,0.3346,-0.0397,0.0022,-0.0356,0.1018,-0.0176,2026-07-13,338.18,338.18,332.595,334.6,238624.0,334.521033
2026-07-13T20:33:56.383,45,46,JPM260828P00280000,JPM,2026-08-28,put,280.0,0.43,1.0,1.45,274.0,0.94,0.85,1.0,0.3329,-0.0537,0.0028,-0.045,0.1297,-0.0238,2026-07-13,338.18,338.18,332.595,334.6,238624.0,334.521033
2026-07-13T20:33:56.383,45,46,JPM260828P00285000,JPM,2026-08-28,put,285.0,0.41,57.0,1.69,42.0,1.05,1.0,1.0,0.3147,-0.062,0.0033,-0.0475,0.1453,-0.0275,2026-07-13,338.18,338.18,332.595,334.6,238624.0,334.521033
2026-07-13T20:33:56.383,45,46,JPM260828P00290000,JPM,2026-08-28,put,290.0,0.58,161.0,2.78,64.0,1.68,1.21,1.0,0.3247,-0.0896,0.0042,-0.0647,0.1924,-0.0399,2026-07-13,338.18,338.18,332.595,334.6,238624.0,334.521033
2026-07-13T20:33:56.383,45,46,JPM260828P00295000,JPM,2026-08-28,put,295.0,0.95,165.0,2.5,129.0,1.725,1.44,1.0,0.2985,-0.0985,0.0049,-0.0635,0.2063,-0.0437,2026-07-13,338.18,338.18,332.595,334.6,238624.0,334.521033
2026-07-13T20:33:56.383,45,46,JPM260828P00300000,JPM,2026-08-28,put,300.0,1.38,141.0,3.66,45.0,2.52,2.04,1.0,0.3034,-0.1324,0.0059,-0.0793,0.2547,-0.0591,2026-07-13,338.18,338.18,332.595,334.6,238624.0,334.521033
2026-07-13T20:33:56.383,45,46,JPM260828P00305000,JPM,2026-08-28,put,305.0,1.62,5.0,4.59,7.0,3.105,2.67,1.0,0.2935,-0.161,0.007,-0.0869,0.2903,-0.0718,2026-07-13,338.18,338.18,332.595,334.6,238624.0,334.521033
2026-07-13T20:33:56.383,45,46,JPM260828P00310000,JPM,2026-08-28,put,310.0,1.16,3.0,5.12,1.0,3.14,3.3,1.0,0.2622,-0.1783,0.0084,-0.082,0.3099,-0.0792,2026-07-13,338.18,338.18,332.595,334.6,238624.0,334.521033
2026-07-13T20:33:56.383,45,46,JPM260828P00315000,JPM,2026-08-28,put,315.0,3.44,20.0,6.04,4.0,4.74,4.9,1.0,0.2749,-0.2358,0.0094,-0.1009,0.3659,-0.1055,2026-07-13,338.18,338.18,332.595,334.6,238624.0,334.521033
2026-07-13T20:33:56.383,45,46,JPM260828P00320000,JPM,2026-08-28,put,320.0,4.56,23.0,6.47,2.0,5.515,5.63,1.0,0.2578,-0.2778,0.0109,-0.1018,0.3985,-0.1242,2026-07-13,338.18,338.18,332.595,334.6,238624.0,334.521033
2026-07-13T20:33:56.383,45,46,JPM260828P00325000,JPM,2026-08-28,put,325.0,5.21,5.0,8.09,24.0,6.65,7.09,2.0,0.2449,-0.3309,0.0125,-0.1029,0.4309,-0.148,2026-07-13,338.18,338.18,332.595,334.6,238624.0,334.521033
2026-07-13T20:33:56.383,45,46,JPM260828P00330000,JPM,2026-08-28,put,330.0,8.26,1.0,9.71,64.0,8.985,9.4,1.0,0.2527,-0.3989,0.0129,-0.1117,0.4588,-0.1796,2026-07-13,338.18,338.18,332.595,334.6,238624.0,334.521033
2026-07-13T20:33:56.383,45,46,JPM260828P00335000,JPM,2026-08-28,put,335.0,9.88,1.0,12.19,8.0,11.035,10.75,1.0,0.2469,-0.4647,0.0135,-0.11,0.4723,-0.21,2026-07-13,338.18,338.18,332.595,334.6,238624.0,334.521033
2026-07-13T20:33:56.383,45,46,JPM260828P00340000,JPM,2026-08-28,put,340.0,11.27,1.0,14.62,21.0,12.945,13.1,1.0,0.2312,-0.5365,0.0145,-0.0993,0.4721,-0.2427,2026-07-13,338.18,338.18,332.595,334.6,238624.0,334.521033
2026-07-13T20:33:56.383,45,46,JPM260828P00345000,JPM,2026-08-28,put,345.0,14.08,5.0,18.4,1.0,16.24,,,0.2375,-0.6026,0.0137,-0.0965,0.4584,-0.2747,2026-07-13,338.18,338.18,332.595,334.6,238624.0,334.521033
2026-07-13T20:33:56.383,45,46,JPM260828P00350000,JPM,2026-08-28,put,350.0,17.42,10.0,21.36,8.0,19.39,,,0.2337,-0.6697,0.013,-0.0849,0.4305,-0.307,2026-07-13,338.18,338.18,332.595,334.6,238624.0,334.521033
2026-07-13T20:33:56.383,45,46,JPM260828P00355000,JPM,2026-08-28,put,355.0,21.47,7.0,24.98,8.0,23.225,,,0.239,-0.7239,0.0118,-0.0766,0.3973,-0.3347,2026-07-13,338.18,338.18,332.595,334.6,238624.0,334.521033
2026-07-13T20:33:56.383,45,46,JPM260828P00360000,JPM,2026-08-28,put,360.0,24.94,12.0,29.41,1.0,27.175,,,0.2414,-0.7737,0.0105,-0.0651,0.3576,-0.3607,2026-07-13,338.18,338.18,332.595,334.6,238624.0,334.521033
2026-07-13T20:33:56.383,45,46,JPM260828P00365000,JPM,2026-08-28,put,365.0,29.52,14.0,33.39,1.0,31.455,,,0.2476,-0.8124,0.0091,-0.0557,0.3199,-0.3824,2026-07-13,338.18,338.18,332.595,334.6,238624.0,334.521033
2026-07-13T20:33:56.383,45,46,JPM260828P00370000,JPM,2026-08-28,put,370.0,34.17,20.0,36.97,20.0,35.57,35.8,1.0,0.2428,-0.8564,0.0078,-0.0386,0.2691,-0.4061,2026-07-13,338.18,338.18,332.595,334.6,238624.0,334.521033
2026-07-13T20:33:56.383,45,46,JPM260828P00375000,JPM,2026-08-28,put,375.0,38.6,5.0,42.7,2.0,40.650000000000006,,,0.2694,-0.8622,0.0069,-0.0435,0.2616,-0.415,2026-07-13,338.18,338.18,332.595,334.6,238624.0,334.521033
2026-07-13T20:33:56.383,45,46,JPM260828P00380000,JPM,2026-08-28,put,380.0,43.73,2.0,47.02,1.0,45.375,,,0.2811,-0.8797,0.006,-0.0386,0.2381,-0.4283,2026-07-13,338.18,338.18,332.595,334.6,238624.0,334.521033
2026-07-13T20:33:56.383,45,46,JPM260828P00385000,JPM,2026-08-28,put,385.0,48.01,6.0,52.65,3.0,50.33,,,0.301,-0.8872,0.0054,-0.0396,0.2276,-0.4377,2026-07-13,338.18,338.18,332.595,334.6,238624.0,334.521033
2026-07-13T20:33:56.383,45,46,JPM260828P00390000,JPM,2026-08-28,put,390.0,52.9,7.0,56.57,3.0,54.735,,,0.2929,-0.915,0.0045,-0.0226,0.185,-0.455,2026-07-13,338.18,338.18,332.595,334.6,238624.0,334.521033
2026-07-13T20:33:56.383,45,46,JPM260828P00395000,JPM,2026-08-28,put,395.0,59.04,1.0,61.21,1.0,60.125,,,0.3331,-0.9033,0.0043,-0.0373,0.2035,-0.4569,2026-07-13,338.18,338.18,332.595,334.6,238624.0,334.521033
2026-07-13T20:33:56.383,45,46,JPM260828P00400000,JPM,2026-08-28,put,400.0,62.77,3.0,68.14,1.0,65.455,,,0.3691,-0.8958,0.0041,-0.0495,0.2149,-0.4604,2026-07-13,338.18,338.18,332.595,334.6,238624.0,334.521033
2026-07-13T20:33:56.383,45,46,JPM260828P00405000,JPM,2026-08-28,put,405.0,67.98,1.0,72.76,1.0,70.37,,,0.3849,-0.9017,0.0038,-0.0488,0.2059,-0.4691,2026-07-13,338.18,338.18,332.595,334.6,238624.0,334.521033
