capture_ts,target_dte,actual_dte,symbol,underlying,expiration,type,strike,bid,bid_size,ask,ask_size,mid,last_price,last_size,implied_vol,delta,gamma,theta,vega,rho,und_session_date,und_open,und_high,und_low,und_close,und_volume,und_vwap
2026-04-27T23:26:58.279,2,0,IWM260427C00180000,IWM,2026-04-27,call,180.0,95.83,1.0,95.96,5.0,95.895,97.0,1.0,,,,,,,2026-04-27,276.86,278.23,276.25,277.1,801245.0,276.95763
2026-04-27T23:26:58.279,2,0,IWM260427C00190000,IWM,2026-04-27,call,190.0,85.93,10.0,87.77,18.0,86.85,,,,,,,,,2026-04-27,276.86,278.23,276.25,277.1,801245.0,276.95763
2026-04-27T23:26:58.279,2,0,IWM260427C00200000,IWM,2026-04-27,call,200.0,76.28,1.0,78.52,7.0,77.4,,,,,,,,,2026-04-27,276.86,278.23,276.25,277.1,801245.0,276.95763
2026-04-27T23:26:58.279,2,0,IWM260427C00205000,IWM,2026-04-27,call,205.0,72.94,10.0,73.07,1.0,73.005,,,,,,,,,2026-04-27,276.86,278.23,276.25,277.1,801245.0,276.95763
2026-04-27T23:26:58.279,2,0,IWM260427C00210000,IWM,2026-04-27,call,210.0,66.32,2.0,67.48,10.0,66.9,,,,,,,,,2026-04-27,276.86,278.23,276.25,277.1,801245.0,276.95763
2026-04-27T23:26:58.279,2,0,IWM260427C00215000,IWM,2026-04-27,call,215.0,60.97,1.0,61.28,7.0,61.125,60.4,1.0,,,,,,,2026-04-27,276.86,278.23,276.25,277.1,801245.0,276.95763
2026-04-27T23:26:58.279,2,0,IWM260427C00220000,IWM,2026-04-27,call,220.0,56.68,10.0,57.21,1.0,56.945,,,,,,,,,2026-04-27,276.86,278.23,276.25,277.1,801245.0,276.95763
2026-04-27T23:26:58.279,2,0,IWM260427C00225000,IWM,2026-04-27,call,225.0,51.91,10.0,52.51,1.0,52.209999999999994,51.86,38.0,,,,,,,2026-04-27,276.86,278.23,276.25,277.1,801245.0,276.95763
2026-04-27T23:26:58.279,2,0,IWM260427C00226000,IWM,2026-04-27,call,226.0,51.97,10.0,52.1,6.0,52.035,50.03,38.0,,,,,,,2026-04-27,276.86,278.23,276.25,277.1,801245.0,276.95763
2026-04-27T23:26:58.279,2,0,IWM260427C00227000,IWM,2026-04-27,call,227.0,50.37,10.0,50.5,1.0,50.435,49.8,43.0,,,,,,,2026-04-27,276.86,278.23,276.25,277.1,801245.0,276.95763
2026-04-27T23:26:58.279,2,0,IWM260427C00228000,IWM,2026-04-27,call,228.0,48.79,5.0,48.92,10.0,48.855000000000004,49.03,43.0,,,,,,,2026-04-27,276.86,278.23,276.25,277.1,801245.0,276.95763
2026-04-27T23:26:58.279,2,0,IWM260427C00229000,IWM,2026-04-27,call,229.0,47.66,10.0,47.9,7.0,47.78,48.22,36.0,,,,,,,2026-04-27,276.86,278.23,276.25,277.1,801245.0,276.95763
2026-04-27T23:26:58.279,2,0,IWM260427C00230000,IWM,2026-04-27,call,230.0,46.93,1.0,47.05,7.0,46.989999999999995,47.26,36.0,,,,,,,2026-04-27,276.86,278.23,276.25,277.1,801245.0,276.95763
2026-04-27T23:26:58.279,2,0,IWM260427C00231000,IWM,2026-04-27,call,231.0,46.38,1.0,46.73,1.0,46.555,45.7,41.0,,,,,,,2026-04-27,276.86,278.23,276.25,277.1,801245.0,276.95763
2026-04-27T23:26:58.279,2,0,IWM260427C00232000,IWM,2026-04-27,call,232.0,44.81,2.0,45.5,5.0,45.155,44.8,41.0,,,,,,,2026-04-27,276.86,278.23,276.25,277.1,801245.0,276.95763
2026-04-27T23:26:58.279,2,0,IWM260427C00233000,IWM,2026-04-27,call,233.0,44.6,7.0,44.72,7.0,44.66,44.61,41.0,,,,,,,2026-04-27,276.86,278.23,276.25,277.1,801245.0,276.95763
2026-04-27T23:26:58.279,2,0,IWM260427C00234000,IWM,2026-04-27,call,234.0,42.48,1.0,43.8,4.0,43.14,42.73,41.0,,,,,,,2026-04-27,276.86,278.23,276.25,277.1,801245.0,276.95763
2026-04-27T23:26:58.279,2,0,IWM260427C00235000,IWM,2026-04-27,call,235.0,41.81,2.0,41.93,1.0,41.870000000000005,42.03,8.0,,,,,,,2026-04-27,276.86,278.23,276.25,277.1,801245.0,276.95763
2026-04-27T23:26:58.279,2,0,IWM260427C00236000,IWM,2026-04-27,call,236.0,40.45,4.0,41.66,6.0,41.055,40.64,1.0,,,,,,,2026-04-27,276.86,278.23,276.25,277.1,801245.0,276.95763
2026-04-27T23:26:58.279,2,0,IWM260427C00237000,IWM,2026-04-27,call,237.0,40.44,1.0,40.56,4.0,40.5,39.75,1.0,,,,,,,2026-04-27,276.86,278.23,276.25,277.1,801245.0,276.95763
2026-04-27T23:26:58.279,2,0,IWM260427C00238000,IWM,2026-04-27,call,238.0,39.0,10.0,39.49,7.0,39.245000000000005,38.43,1.0,,,,,,,2026-04-27,276.86,278.23,276.25,277.1,801245.0,276.95763
2026-04-27T23:26:58.279,2,0,IWM260427C00239000,IWM,2026-04-27,call,239.0,38.52,1.0,38.54,11.0,38.53,37.88,1.0,,,,,,,2026-04-27,276.86,278.23,276.25,277.1,801245.0,276.95763
2026-04-27T23:26:58.279,2,0,IWM260427C00240000,IWM,2026-04-27,call,240.0,37.47,1.0,37.59,3.0,37.53,37.0,1.0,,,,,,,2026-04-27,276.86,278.23,276.25,277.1,801245.0,276.95763
2026-04-27T23:26:58.279,2,0,IWM260427C00241000,IWM,2026-04-27,call,241.0,36.76,1.0,36.88,14.0,36.82,36.16,1.0,,,,,,,2026-04-27,276.86,278.23,276.25,277.1,801245.0,276.95763
2026-04-27T23:26:58.279,2,0,IWM260427C00242000,IWM,2026-04-27,call,242.0,35.14,10.0,35.64,1.0,35.39,35.24,1.0,,,,,,,2026-04-27,276.86,278.23,276.25,277.1,801245.0,276.95763
2026-04-27T23:26:58.279,2,0,IWM260427C00243000,IWM,2026-04-27,call,243.0,33.65,10.0,33.95,11.0,33.8,34.56,1.0,,,,,,,2026-04-27,276.86,278.23,276.25,277.1,801245.0,276.95763
2026-04-27T23:26:58.279,2,0,IWM260427C00244000,IWM,2026-04-27,call,244.0,32.52,10.0,33.57,1.0,33.045,32.65,1.0,,,,,,,2026-04-27,276.86,278.23,276.25,277.1,801245.0,276.95763
2026-04-27T23:26:58.279,2,0,IWM260427C00245000,IWM,2026-04-27,call,245.0,32.4,10.0,32.53,1.0,32.465,31.54,1.0,,,,,,,2026-04-27,276.86,278.23,276.25,277.1,801245.0,276.95763
2026-04-27T23:26:58.279,2,0,IWM260427C00246000,IWM,2026-04-27,call,246.0,30.64,1.0,31.42,1.0,31.03,31.1,1.0,,,,,,,2026-04-27,276.86,278.23,276.25,277.1,801245.0,276.95763
2026-04-27T23:26:58.279,2,0,IWM260427C00247000,IWM,2026-04-27,call,247.0,29.59,5.0,30.08,18.0,29.835,30.15,1.0,,,,,,,2026-04-27,276.86,278.23,276.25,277.1,801245.0,276.95763
2026-04-27T23:26:58.279,2,0,IWM260427C00248000,IWM,2026-04-27,call,248.0,28.64,3.0,28.87,3.0,28.755000000000003,28.76,1.0,,,,,,,2026-04-27,276.86,278.23,276.25,277.1,801245.0,276.95763
2026-04-27T23:26:58.279,2,0,IWM260427C00249000,IWM,2026-04-27,call,249.0,27.52,1.0,27.88,5.0,27.7,28.09,1.0,,,,,,,2026-04-27,276.86,278.23,276.25,277.1,801245.0,276.95763
2026-04-27T23:26:58.279,2,0,IWM260427C00250000,IWM,2026-04-27,call,250.0,27.44,18.0,27.54,14.0,27.490000000000002,26.81,1.0,,,,,,,2026-04-27,276.86,278.23,276.25,277.1,801245.0,276.95763
2026-04-27T23:26:58.279,2,0,IWM260427C00251000,IWM,2026-04-27,call,251.0,25.81,25.0,26.17,16.0,25.990000000000002,25.6,1.0,,,,,,,2026-04-27,276.86,278.23,276.25,277.1,801245.0,276.95763
2026-04-27T23:26:58.279,2,0,IWM260427C00252000,IWM,2026-04-27,call,252.0,24.82,1.0,24.88,5.0,24.85,24.66,1.0,,,,,,,2026-04-27,276.86,278.23,276.25,277.1,801245.0,276.95763
2026-04-27T23:26:58.279,2,0,IWM260427C00253000,IWM,2026-04-27,call,253.0,24.07,11.0,24.58,8.0,24.325,23.87,1.0,,,,,,,2026-04-27,276.86,278.23,276.25,277.1,801245.0,276.95763
2026-04-27T23:26:58.279,2,0,IWM260427C00254000,IWM,2026-04-27,call,254.0,23.26,17.0,23.35,11.0,23.305,22.79,1.0,,,,,,,2026-04-27,276.86,278.23,276.25,277.1,801245.0,276.95763
2026-04-27T23:26:58.279,2,0,IWM260427C00255000,IWM,2026-04-27,call,255.0,21.65,1.0,22.55,5.0,22.1,21.91,1.0,,,,,,,2026-04-27,276.86,278.23,276.25,277.1,801245.0,276.95763
2026-04-27T23:26:58.279,2,0,IWM260427C00256000,IWM,2026-04-27,call,256.0,20.68,1.0,21.37,2.0,21.025,21.31,1.0,,,,,,,2026-04-27,276.86,278.23,276.25,277.1,801245.0,276.95763
2026-04-27T23:26:58.279,2,0,IWM260427C00257000,IWM,2026-04-27,call,257.0,20.17,18.0,20.27,17.0,20.22,20.45,5.0,,,,,,,2026-04-27,276.86,278.23,276.25,277.1,801245.0,276.95763
2026-04-27T23:26:58.279,2,0,IWM260427C00258000,IWM,2026-04-27,call,258.0,18.97,17.0,19.07,15.0,19.02,18.96,1.0,,,,,,,2026-04-27,276.86,278.23,276.25,277.1,801245.0,276.95763
2026-04-27T23:26:58.279,2,0,IWM260427C00259000,IWM,2026-04-27,call,259.0,18.0,15.0,18.5,15.0,18.25,17.63,1.0,,,,,,,2026-04-27,276.86,278.23,276.25,277.1,801245.0,276.95763
2026-04-27T23:26:58.279,2,0,IWM260427C00260000,IWM,2026-04-27,call,260.0,17.26,18.0,17.36,14.0,17.310000000000002,17.03,2.0,,,,,,,2026-04-27,276.86,278.23,276.25,277.1,801245.0,276.95763
2026-04-27T23:26:58.279,2,0,IWM260427C00261000,IWM,2026-04-27,call,261.0,16.329,14.0,16.43,14.0,16.3795,15.69,1.0,,,,,,,2026-04-27,276.86,278.23,276.25,277.1,801245.0,276.95763
2026-04-27T23:26:58.279,2,0,IWM260427C00262000,IWM,2026-04-27,call,262.0,14.87,1.0,15.24,10.0,15.055,14.81,1.0,,,,,,,2026-04-27,276.86,278.23,276.25,277.1,801245.0,276.95763
2026-04-27T23:26:58.279,2,0,IWM260427C00263000,IWM,2026-04-27,call,263.0,13.9,11.0,14.2,5.0,14.05,13.64,1.0,,,,,,,2026-04-27,276.86,278.23,276.25,277.1,801245.0,276.95763
2026-04-27T23:26:58.279,2,0,IWM260427C00264000,IWM,2026-04-27,call,264.0,12.88,18.0,12.9,2.0,12.89,13.05,7.0,,,,,,,2026-04-27,276.86,278.23,276.25,277.1,801245.0,276.95763
2026-04-27T23:26:58.279,2,0,IWM260427C00265000,IWM,2026-04-27,call,265.0,12.08,18.0,12.31,7.0,12.195,11.76,1.0,,,,,,,2026-04-27,276.86,278.23,276.25,277.1,801245.0,276.95763
2026-04-27T23:26:58.279,2,0,IWM260427C00266000,IWM,2026-04-27,call,266.0,10.87,13.0,11.27,12.0,11.07,10.77,1.0,,,,,,,2026-04-27,276.86,278.23,276.25,277.1,801245.0,276.95763
2026-04-27T23:26:58.279,2,0,IWM260427C00267000,IWM,2026-04-27,call,267.0,10.24,21.0,10.33,8.0,10.285,9.54,1.0,,,,,,,2026-04-27,276.86,278.23,276.25,277.1,801245.0,276.95763
2026-04-27T23:26:58.279,2,0,IWM260427C00268000,IWM,2026-04-27,call,268.0,9.17,15.0,9.25,9.0,9.21,8.87,3.0,,,,,,,2026-04-27,276.86,278.23,276.25,277.1,801245.0,276.95763
2026-04-27T23:26:58.279,2,0,IWM260427C00269000,IWM,2026-04-27,call,269.0,7.94,1.0,7.98,11.0,7.960000000000001,8.1,1.0,,,,,,,2026-04-27,276.86,278.23,276.25,277.1,801245.0,276.95763
2026-04-27T23:26:58.279,2,0,IWM260427C00270000,IWM,2026-04-27,call,270.0,6.97,23.0,7.2,9.0,7.085,6.98,22.0,,,,,,,2026-04-27,276.86,278.23,276.25,277.1,801245.0,276.95763
2026-04-27T23:26:58.279,2,0,IWM260427C00271000,IWM,2026-04-27,call,271.0,6.1,1.0,6.23,16.0,6.165,6.03,20.0,,,,,,,2026-04-27,276.86,278.23,276.25,277.1,801245.0,276.95763
2026-04-27T23:26:58.279,2,0,IWM260427C00272000,IWM,2026-04-27,call,272.0,5.14,36.0,5.2,12.0,5.17,4.93,1.0,,,,,,,2026-04-27,276.86,278.23,276.25,277.1,801245.0,276.95763
2026-04-27T23:26:58.279,2,0,IWM260427C00273000,IWM,2026-04-27,call,273.0,4.08,50.0,4.16,34.0,4.12,3.94,1.0,,,,,,,2026-04-27,276.86,278.23,276.25,277.1,801245.0,276.95763
2026-04-27T23:26:58.279,2,0,IWM260427C00274000,IWM,2026-04-27,call,274.0,3.09,62.0,3.15,34.0,3.12,3.0,5.0,,,,,,,2026-04-27,276.86,278.23,276.25,277.1,801245.0,276.95763
2026-04-27T23:26:58.279,2,0,IWM260427C00275000,IWM,2026-04-27,call,275.0,2.07,61.0,2.13,30.0,2.0999999999999996,2.0,1.0,,,,,,,2026-04-27,276.86,278.23,276.25,277.1,801245.0,276.95763
2026-04-27T23:26:58.279,2,0,IWM260427C00276000,IWM,2026-04-27,call,276.0,1.09,58.0,1.14,18.0,1.115,0.96,1.0,,,,,,,2026-04-27,276.86,278.23,276.25,277.1,801245.0,276.95763
2026-04-27T23:26:58.279,2,0,IWM260427C00277000,IWM,2026-04-27,call,277.0,0.28,1.0,0.29,29.0,0.28500000000000003,0.23,7.0,,,,,,,2026-04-27,276.86,278.23,276.25,277.1,801245.0,276.95763
2026-04-27T23:26:58.279,2,0,IWM260427C00278000,IWM,2026-04-27,call,278.0,0.01,412.0,0.02,201.0,0.015,0.01,1.0,,,,,,,2026-04-27,276.86,278.23,276.25,277.1,801245.0,276.95763
2026-04-27T23:26:58.279,2,0,IWM260427C00279000,IWM,2026-04-27,call,279.0,0.0,0.0,0.03,2138.0,0.015,0.01,1.0,,,,,,,2026-04-27,276.86,278.23,276.25,277.1,801245.0,276.95763
2026-04-27T23:26:58.279,2,0,IWM260427C00280000,IWM,2026-04-27,call,280.0,0.0,0.0,0.01,1743.0,0.005,0.01,8.0,,,,,,,2026-04-27,276.86,278.23,276.25,277.1,801245.0,276.95763
2026-04-27T23:26:58.279,2,0,IWM260427C00281000,IWM,2026-04-27,call,281.0,0.0,0.0,0.03,331.0,0.015,0.01,2.0,,,,,,,2026-04-27,276.86,278.23,276.25,277.1,801245.0,276.95763
2026-04-27T23:26:58.279,2,0,IWM260427C00282000,IWM,2026-04-27,call,282.0,0.0,0.0,0.03,1166.0,0.015,0.01,3.0,,,,,,,2026-04-27,276.86,278.23,276.25,277.1,801245.0,276.95763
2026-04-27T23:26:58.279,2,0,IWM260427C00282500,IWM,2026-04-27,call,282.5,0.0,0.0,0.03,261.0,0.015,0.01,1.0,,,,,,,2026-04-27,276.86,278.23,276.25,277.1,801245.0,276.95763
2026-04-27T23:26:58.279,2,0,IWM260427C00283000,IWM,2026-04-27,call,283.0,0.0,0.0,0.03,261.0,0.015,0.01,1.0,,,,,,,2026-04-27,276.86,278.23,276.25,277.1,801245.0,276.95763
2026-04-27T23:26:58.279,2,0,IWM260427C00284000,IWM,2026-04-27,call,284.0,0.0,0.0,0.01,246.0,0.005,0.01,1.0,,,,,,,2026-04-27,276.86,278.23,276.25,277.1,801245.0,276.95763
2026-04-27T23:26:58.279,2,0,IWM260427C00285000,IWM,2026-04-27,call,285.0,0.0,0.0,0.01,155.0,0.005,0.01,1.0,,,,,,,2026-04-27,276.86,278.23,276.25,277.1,801245.0,276.95763
2026-04-27T23:26:58.279,2,0,IWM260427C00286000,IWM,2026-04-27,call,286.0,0.0,0.0,0.01,246.0,0.005,0.01,1.0,,,,,,,2026-04-27,276.86,278.23,276.25,277.1,801245.0,276.95763
2026-04-27T23:26:58.279,2,0,IWM260427C00287000,IWM,2026-04-27,call,287.0,0.0,0.0,0.01,261.0,0.005,0.01,1.0,,,,,,,2026-04-27,276.86,278.23,276.25,277.1,801245.0,276.95763
2026-04-27T23:26:58.279,2,0,IWM260427C00288000,IWM,2026-04-27,call,288.0,0.0,0.0,0.01,261.0,0.005,0.01,1.0,,,,,,,2026-04-27,276.86,278.23,276.25,277.1,801245.0,276.95763
2026-04-27T23:26:58.279,2,0,IWM260427C00289000,IWM,2026-04-27,call,289.0,0.0,0.0,0.01,246.0,0.005,0.01,25.0,,,,,,,2026-04-27,276.86,278.23,276.25,277.1,801245.0,276.95763
2026-04-27T23:26:58.279,2,0,IWM260427C00290000,IWM,2026-04-27,call,290.0,0.0,0.0,0.01,213.0,0.005,0.01,5.0,,,,,,,2026-04-27,276.86,278.23,276.25,277.1,801245.0,276.95763
2026-04-27T23:26:58.279,2,0,IWM260427C00291000,IWM,2026-04-27,call,291.0,0.0,0.0,0.03,261.0,0.015,0.01,5.0,,,,,,,2026-04-27,276.86,278.23,276.25,277.1,801245.0,276.95763
2026-04-27T23:26:58.279,2,0,IWM260427C00292000,IWM,2026-04-27,call,292.0,0.0,0.0,0.03,279.0,0.015,0.01,1.0,,,,,,,2026-04-27,276.86,278.23,276.25,277.1,801245.0,276.95763
2026-04-27T23:26:58.279,2,0,IWM260427C00293000,IWM,2026-04-27,call,293.0,0.0,0.0,0.03,246.0,0.015,0.02,3.0,,,,,,,2026-04-27,276.86,278.23,276.25,277.1,801245.0,276.95763
2026-04-27T23:26:58.279,2,0,IWM260427C00294000,IWM,2026-04-27,call,294.0,0.0,0.0,0.03,246.0,0.015,0.01,1.0,,,,,,,2026-04-27,276.86,278.23,276.25,277.1,801245.0,276.95763
2026-04-27T23:26:58.279,2,0,IWM260427C00295000,IWM,2026-04-27,call,295.0,0.0,0.0,0.01,261.0,0.005,0.01,1.0,,,,,,,2026-04-27,276.86,278.23,276.25,277.1,801245.0,276.95763
2026-04-27T23:26:58.279,2,0,IWM260427C00296000,IWM,2026-04-27,call,296.0,0.0,0.0,0.01,246.0,0.005,0.01,10.0,,,,,,,2026-04-27,276.86,278.23,276.25,277.1,801245.0,276.95763
2026-04-27T23:26:58.279,2,0,IWM260427C00297000,IWM,2026-04-27,call,297.0,0.0,0.0,0.03,246.0,0.015,0.02,15.0,,,,,,,2026-04-27,276.86,278.23,276.25,277.1,801245.0,276.95763
2026-04-27T23:26:58.279,2,0,IWM260427C00298000,IWM,2026-04-27,call,298.0,0.0,0.0,0.03,213.0,0.015,,,,,,,,,2026-04-27,276.86,278.23,276.25,277.1,801245.0,276.95763
2026-04-27T23:26:58.279,2,0,IWM260427C00299000,IWM,2026-04-27,call,299.0,0.0,0.0,0.03,213.0,0.015,,,,,,,,,2026-04-27,276.86,278.23,276.25,277.1,801245.0,276.95763
2026-04-27T23:26:58.279,2,0,IWM260427C00300000,IWM,2026-04-27,call,300.0,0.0,0.0,0.01,238.0,0.005,0.02,7.0,,,,,,,2026-04-27,276.86,278.23,276.25,277.1,801245.0,276.95763
2026-04-27T23:26:58.279,2,0,IWM260427C00305000,IWM,2026-04-27,call,305.0,0.0,0.0,0.03,258.0,0.015,0.01,5.0,,,,,,,2026-04-27,276.86,278.23,276.25,277.1,801245.0,276.95763
2026-04-27T23:26:58.279,2,0,IWM260427C00310000,IWM,2026-04-27,call,310.0,0.0,0.0,0.03,246.0,0.015,0.01,7.0,,,,,,,2026-04-27,276.86,278.23,276.25,277.1,801245.0,276.95763
2026-04-27T23:26:58.279,2,0,IWM260427C00315000,IWM,2026-04-27,call,315.0,0.0,0.0,0.01,238.0,0.005,,,,,,,,,2026-04-27,276.86,278.23,276.25,277.1,801245.0,276.95763
2026-04-27T23:26:58.279,2,0,IWM260427C00320000,IWM,2026-04-27,call,320.0,0.0,0.0,0.01,238.0,0.005,0.01,1.0,,,,,,,2026-04-27,276.86,278.23,276.25,277.1,801245.0,276.95763
2026-04-27T23:26:58.279,2,0,IWM260427P00180000,IWM,2026-04-27,put,180.0,0.0,0.0,0.01,215.0,0.005,,,,,,,,,2026-04-27,276.86,278.23,276.25,277.1,801245.0,276.95763
2026-04-27T23:26:58.279,2,0,IWM260427P00190000,IWM,2026-04-27,put,190.0,0.0,0.0,0.03,215.0,0.015,0.01,7.0,,,,,,,2026-04-27,276.86,278.23,276.25,277.1,801245.0,276.95763
2026-04-27T23:26:58.279,2,0,IWM260427P00200000,IWM,2026-04-27,put,200.0,0.0,0.0,0.01,214.0,0.005,,,,,,,,,2026-04-27,276.86,278.23,276.25,277.1,801245.0,276.95763
2026-04-27T23:26:58.279,2,0,IWM260427P00205000,IWM,2026-04-27,put,205.0,0.0,0.0,0.03,213.0,0.015,0.01,5.0,,,,,,,2026-04-27,276.86,278.23,276.25,277.1,801245.0,276.95763
2026-04-27T23:26:58.279,2,0,IWM260427P00210000,IWM,2026-04-27,put,210.0,0.0,0.0,0.03,215.0,0.015,0.01,1.0,,,,,,,2026-04-27,276.86,278.23,276.25,277.1,801245.0,276.95763
2026-04-27T23:26:58.279,2,0,IWM260427P00215000,IWM,2026-04-27,put,215.0,0.0,0.0,0.01,215.0,0.005,,,,,,,,,2026-04-27,276.86,278.23,276.25,277.1,801245.0,276.95763
2026-04-27T23:26:58.279,2,0,IWM260427P00220000,IWM,2026-04-27,put,220.0,0.0,0.0,0.03,214.0,0.015,,,,,,,,,2026-04-27,276.86,278.23,276.25,277.1,801245.0,276.95763
2026-04-27T23:26:58.279,2,0,IWM260427P00225000,IWM,2026-04-27,put,225.0,0.0,0.0,0.01,215.0,0.005,0.01,3.0,,,,,,,2026-04-27,276.86,278.23,276.25,277.1,801245.0,276.95763
2026-04-27T23:26:58.279,2,0,IWM260427P00226000,IWM,2026-04-27,put,226.0,0.0,0.0,0.03,214.0,0.015,0.01,1.0,,,,,,,2026-04-27,276.86,278.23,276.25,277.1,801245.0,276.95763
2026-04-27T23:26:58.279,2,0,IWM260427P00227000,IWM,2026-04-27,put,227.0,0.0,0.0,0.01,214.0,0.005,0.03,2.0,,,,,,,2026-04-27,276.86,278.23,276.25,277.1,801245.0,276.95763
2026-04-27T23:26:58.279,2,0,IWM260427P00228000,IWM,2026-04-27,put,228.0,0.0,0.0,0.03,215.0,0.015,0.03,2.0,,,,,,,2026-04-27,276.86,278.23,276.25,277.1,801245.0,276.95763
2026-04-27T23:26:58.279,2,0,IWM260427P00229000,IWM,2026-04-27,put,229.0,0.0,0.0,0.03,215.0,0.015,0.03,2.0,,,,,,,2026-04-27,276.86,278.23,276.25,277.1,801245.0,276.95763
2026-04-27T23:26:58.279,2,0,IWM260427P00230000,IWM,2026-04-27,put,230.0,0.0,0.0,0.01,214.0,0.005,0.03,2.0,,,,,,,2026-04-27,276.86,278.23,276.25,277.1,801245.0,276.95763
2026-04-27T23:26:58.279,2,0,IWM260427P00231000,IWM,2026-04-27,put,231.0,0.0,0.0,0.01,214.0,0.005,0.03,2.0,,,,,,,2026-04-27,276.86,278.23,276.25,277.1,801245.0,276.95763
2026-04-27T23:26:58.279,2,0,IWM260427P00232000,IWM,2026-04-27,put,232.0,0.0,0.0,0.03,214.0,0.015,0.04,2.0,,,,,,,2026-04-27,276.86,278.23,276.25,277.1,801245.0,276.95763
2026-04-27T23:26:58.279,2,0,IWM260427P00233000,IWM,2026-04-27,put,233.0,0.0,0.0,0.03,214.0,0.015,0.01,2.0,,,,,,,2026-04-27,276.86,278.23,276.25,277.1,801245.0,276.95763
2026-04-27T23:26:58.279,2,0,IWM260427P00234000,IWM,2026-04-27,put,234.0,0.0,0.0,0.01,214.0,0.005,0.02,2.0,,,,,,,2026-04-27,276.86,278.23,276.25,277.1,801245.0,276.95763
2026-04-27T23:26:58.279,2,0,IWM260427P00235000,IWM,2026-04-27,put,235.0,0.0,0.0,0.03,215.0,0.015,0.02,2.0,,,,,,,2026-04-27,276.86,278.23,276.25,277.1,801245.0,276.95763
2026-04-27T23:26:58.279,2,0,IWM260427P00236000,IWM,2026-04-27,put,236.0,0.0,0.0,0.03,215.0,0.015,0.01,2.0,,,,,,,2026-04-27,276.86,278.23,276.25,277.1,801245.0,276.95763
2026-04-27T23:26:58.279,2,0,IWM260427P00237000,IWM,2026-04-27,put,237.0,0.0,0.0,0.03,214.0,0.015,0.01,2.0,,,,,,,2026-04-27,276.86,278.23,276.25,277.1,801245.0,276.95763
2026-04-27T23:26:58.279,2,0,IWM260427P00238000,IWM,2026-04-27,put,238.0,0.0,0.0,0.03,215.0,0.015,0.01,2.0,,,,,,,2026-04-27,276.86,278.23,276.25,277.1,801245.0,276.95763
2026-04-27T23:26:58.279,2,0,IWM260427P00239000,IWM,2026-04-27,put,239.0,0.0,0.0,0.03,213.0,0.015,0.06,2.0,,,,,,,2026-04-27,276.86,278.23,276.25,277.1,801245.0,276.95763
2026-04-27T23:26:58.279,2,0,IWM260427P00240000,IWM,2026-04-27,put,240.0,0.0,0.0,0.01,162.0,0.005,0.05,2.0,,,,,,,2026-04-27,276.86,278.23,276.25,277.1,801245.0,276.95763
2026-04-27T23:26:58.279,2,0,IWM260427P00241000,IWM,2026-04-27,put,241.0,0.0,0.0,0.01,214.0,0.005,0.06,1.0,,,,,,,2026-04-27,276.86,278.23,276.25,277.1,801245.0,276.95763
2026-04-27T23:26:58.279,2,0,IWM260427P00242000,IWM,2026-04-27,put,242.0,0.0,0.0,0.01,162.0,0.005,0.07,2.0,,,,,,,2026-04-27,276.86,278.23,276.25,277.1,801245.0,276.95763
2026-04-27T23:26:58.279,2,0,IWM260427P00243000,IWM,2026-04-27,put,243.0,0.0,0.0,0.03,162.0,0.015,0.03,10.0,,,,,,,2026-04-27,276.86,278.23,276.25,277.1,801245.0,276.95763
2026-04-27T23:26:58.279,2,0,IWM260427P00244000,IWM,2026-04-27,put,244.0,0.0,0.0,0.03,162.0,0.015,0.02,10.0,,,,,,,2026-04-27,276.86,278.23,276.25,277.1,801245.0,276.95763
2026-04-27T23:26:58.279,2,0,IWM260427P00245000,IWM,2026-04-27,put,245.0,0.0,0.0,0.03,215.0,0.015,0.01,6.0,,,,,,,2026-04-27,276.86,278.23,276.25,277.1,801245.0,276.95763
2026-04-27T23:26:58.279,2,0,IWM260427P00246000,IWM,2026-04-27,put,246.0,0.0,0.0,0.01,214.0,0.005,0.07,2.0,,,,,,,2026-04-27,276.86,278.23,276.25,277.1,801245.0,276.95763
2026-04-27T23:26:58.279,2,0,IWM260427P00247000,IWM,2026-04-27,put,247.0,0.0,0.0,0.03,214.0,0.015,0.03,50.0,,,,,,,2026-04-27,276.86,278.23,276.25,277.1,801245.0,276.95763
2026-04-27T23:26:58.279,2,0,IWM260427P00248000,IWM,2026-04-27,put,248.0,0.0,0.0,0.01,162.0,0.005,0.01,29.0,,,,,,,2026-04-27,276.86,278.23,276.25,277.1,801245.0,276.95763
2026-04-27T23:26:58.279,2,0,IWM260427P00249000,IWM,2026-04-27,put,249.0,0.0,0.0,0.01,213.0,0.005,0.01,9.0,,,,,,,2026-04-27,276.86,278.23,276.25,277.1,801245.0,276.95763
2026-04-27T23:26:58.279,2,0,IWM260427P00250000,IWM,2026-04-27,put,250.0,0.0,0.0,0.01,214.0,0.005,0.02,6.0,,,,,,,2026-04-27,276.86,278.23,276.25,277.1,801245.0,276.95763
2026-04-27T23:26:58.279,2,0,IWM260427P00251000,IWM,2026-04-27,put,251.0,0.0,0.0,0.01,162.0,0.005,0.01,2.0,,,,,,,2026-04-27,276.86,278.23,276.25,277.1,801245.0,276.95763
2026-04-27T23:26:58.279,2,0,IWM260427P00252000,IWM,2026-04-27,put,252.0,0.0,0.0,0.03,214.0,0.015,0.07,20.0,,,,,,,2026-04-27,276.86,278.23,276.25,277.1,801245.0,276.95763
2026-04-27T23:26:58.279,2,0,IWM260427P00253000,IWM,2026-04-27,put,253.0,0.0,0.0,0.01,162.0,0.005,0.01,1.0,,,,,,,2026-04-27,276.86,278.23,276.25,277.1,801245.0,276.95763
2026-04-27T23:26:58.279,2,0,IWM260427P00254000,IWM,2026-04-27,put,254.0,0.0,0.0,0.01,166.0,0.005,0.01,1.0,,,,,,,2026-04-27,276.86,278.23,276.25,277.1,801245.0,276.95763
2026-04-27T23:26:58.279,2,0,IWM260427P00255000,IWM,2026-04-27,put,255.0,0.0,0.0,0.03,214.0,0.015,0.01,1.0,,,,,,,2026-04-27,276.86,278.23,276.25,277.1,801245.0,276.95763
2026-04-27T23:26:58.279,2,0,IWM260427P00256000,IWM,2026-04-27,put,256.0,0.0,0.0,0.03,162.0,0.015,0.01,1.0,,,,,,,2026-04-27,276.86,278.23,276.25,277.1,801245.0,276.95763
2026-04-27T23:26:58.279,2,0,IWM260427P00257000,IWM,2026-04-27,put,257.0,0.0,0.0,0.01,205.0,0.005,0.01,3.0,,,,,,,2026-04-27,276.86,278.23,276.25,277.1,801245.0,276.95763
2026-04-27T23:26:58.279,2,0,IWM260427P00258000,IWM,2026-04-27,put,258.0,0.0,0.0,0.03,162.0,0.015,0.03,6.0,,,,,,,2026-04-27,276.86,278.23,276.25,277.1,801245.0,276.95763
2026-04-27T23:26:58.279,2,0,IWM260427P00259000,IWM,2026-04-27,put,259.0,0.0,0.0,0.01,162.0,0.005,0.01,1.0,,,,,,,2026-04-27,276.86,278.23,276.25,277.1,801245.0,276.95763
2026-04-27T23:26:58.279,2,0,IWM260427P00260000,IWM,2026-04-27,put,260.0,0.0,0.0,0.01,205.0,0.005,0.01,7.0,,,,,,,2026-04-27,276.86,278.23,276.25,277.1,801245.0,276.95763
2026-04-27T23:26:58.279,2,0,IWM260427P00261000,IWM,2026-04-27,put,261.0,0.0,0.0,0.01,162.0,0.005,0.01,1.0,,,,,,,2026-04-27,276.86,278.23,276.25,277.1,801245.0,276.95763
2026-04-27T23:26:58.279,2,0,IWM260427P00262000,IWM,2026-04-27,put,262.0,0.0,0.0,0.03,162.0,0.015,0.01,1.0,,,,,,,2026-04-27,276.86,278.23,276.25,277.1,801245.0,276.95763
2026-04-27T23:26:58.279,2,0,IWM260427P00263000,IWM,2026-04-27,put,263.0,0.0,0.0,0.03,205.0,0.015,0.01,1.0,,,,,,,2026-04-27,276.86,278.23,276.25,277.1,801245.0,276.95763
2026-04-27T23:26:58.279,2,0,IWM260427P00264000,IWM,2026-04-27,put,264.0,0.0,0.0,0.03,214.0,0.015,0.01,1.0,,,,,,,2026-04-27,276.86,278.23,276.25,277.1,801245.0,276.95763
2026-04-27T23:26:58.279,2,0,IWM260427P00265000,IWM,2026-04-27,put,265.0,0.0,0.0,0.03,205.0,0.015,0.01,1.0,,,,,,,2026-04-27,276.86,278.23,276.25,277.1,801245.0,276.95763
2026-04-27T23:26:58.279,2,0,IWM260427P00266000,IWM,2026-04-27,put,266.0,0.0,0.0,0.03,147.0,0.015,0.01,1.0,,,,,,,2026-04-27,276.86,278.23,276.25,277.1,801245.0,276.95763
2026-04-27T23:26:58.279,2,0,IWM260427P00267000,IWM,2026-04-27,put,267.0,0.0,0.0,0.01,214.0,0.005,0.01,1.0,,,,,,,2026-04-27,276.86,278.23,276.25,277.1,801245.0,276.95763
2026-04-27T23:26:58.279,2,0,IWM260427P00268000,IWM,2026-04-27,put,268.0,0.0,0.0,0.01,214.0,0.005,0.01,1.0,,,,,,,2026-04-27,276.86,278.23,276.25,277.1,801245.0,276.95763
2026-04-27T23:26:58.279,2,0,IWM260427P00269000,IWM,2026-04-27,put,269.0,0.0,0.0,0.01,204.0,0.005,0.01,3.0,,,,,,,2026-04-27,276.86,278.23,276.25,277.1,801245.0,276.95763
2026-04-27T23:26:58.279,2,0,IWM260427P00270000,IWM,2026-04-27,put,270.0,0.0,0.0,0.03,246.0,0.015,0.01,1.0,,,,,,,2026-04-27,276.86,278.23,276.25,277.1,801245.0,276.95763
2026-04-27T23:26:58.279,2,0,IWM260427P00271000,IWM,2026-04-27,put,271.0,0.0,0.0,0.01,246.0,0.005,0.01,1.0,,,,,,,2026-04-27,276.86,278.23,276.25,277.1,801245.0,276.95763
2026-04-27T23:26:58.279,2,0,IWM260427P00272000,IWM,2026-04-27,put,272.0,0.0,0.0,0.03,256.0,0.015,0.01,1.0,,,,,,,2026-04-27,276.86,278.23,276.25,277.1,801245.0,276.95763
2026-04-27T23:26:58.279,2,0,IWM260427P00273000,IWM,2026-04-27,put,273.0,0.0,0.0,0.01,2813.0,0.005,0.01,1.0,,,,,,,2026-04-27,276.86,278.23,276.25,277.1,801245.0,276.95763
2026-04-27T23:26:58.279,2,0,IWM260427P00274000,IWM,2026-04-27,put,274.0,0.0,0.0,0.01,396.0,0.005,0.01,5.0,,,,,,,2026-04-27,276.86,278.23,276.25,277.1,801245.0,276.95763
2026-04-27T23:26:58.279,2,0,IWM260427P00275000,IWM,2026-04-27,put,275.0,0.0,0.0,0.03,1112.0,0.015,0.01,1.0,,,,,,,2026-04-27,276.86,278.23,276.25,277.1,801245.0,276.95763
2026-04-27T23:26:58.279,2,0,IWM260427P00276000,IWM,2026-04-27,put,276.0,0.01,197.0,0.02,422.0,0.015,0.01,1.0,,,,,,,2026-04-27,276.86,278.23,276.25,277.1,801245.0,276.95763
2026-04-27T23:26:58.279,2,0,IWM260427P00277000,IWM,2026-04-27,put,277.0,0.21,46.0,0.23,37.0,0.22,0.21,5.0,,,,,,,2026-04-27,276.86,278.23,276.25,277.1,801245.0,276.95763
2026-04-27T23:26:58.279,2,0,IWM260427P00278000,IWM,2026-04-27,put,278.0,0.93,8.0,0.99,46.0,0.96,1.01,9.0,,,,,,,2026-04-27,276.86,278.23,276.25,277.1,801245.0,276.95763
2026-04-27T23:26:58.279,2,0,IWM260427P00279000,IWM,2026-04-27,put,279.0,1.86,12.0,1.93,82.0,1.895,1.99,1.0,,,,,,,2026-04-27,276.86,278.23,276.25,277.1,801245.0,276.95763
2026-04-27T23:26:58.279,2,0,IWM260427P00280000,IWM,2026-04-27,put,280.0,2.8,40.0,2.93,53.0,2.865,2.97,2.0,,,,,,,2026-04-27,276.86,278.23,276.25,277.1,801245.0,276.95763
2026-04-27T23:26:58.279,2,0,IWM260427P00281000,IWM,2026-04-27,put,281.0,3.83,31.0,3.93,50.0,3.88,4.14,1.0,,,,,,,2026-04-27,276.86,278.23,276.25,277.1,801245.0,276.95763
2026-04-27T23:26:58.279,2,0,IWM260427P00282000,IWM,2026-04-27,put,282.0,4.91,11.0,4.99,47.0,4.95,4.99,1.0,,,,,,,2026-04-27,276.86,278.23,276.25,277.1,801245.0,276.95763
2026-04-27T23:26:58.279,2,0,IWM260427P00282500,IWM,2026-04-27,put,282.5,5.29,9.0,5.56,20.0,5.425,5.89,1.0,,,,,,,2026-04-27,276.86,278.23,276.25,277.1,801245.0,276.95763
2026-04-27T23:26:58.279,2,0,IWM260427P00283000,IWM,2026-04-27,put,283.0,5.89,8.0,5.92,20.0,5.904999999999999,6.32,1.0,,,,,,,2026-04-27,276.86,278.23,276.25,277.1,801245.0,276.95763
2026-04-27T23:26:58.279,2,0,IWM260427P00284000,IWM,2026-04-27,put,284.0,6.85,12.0,7.05,21.0,6.949999999999999,6.95,7.0,,,,,,,2026-04-27,276.86,278.23,276.25,277.1,801245.0,276.95763
2026-04-27T23:26:58.279,2,0,IWM260427P00285000,IWM,2026-04-27,put,285.0,7.72,10.0,7.82,18.0,7.77,7.83,14.0,,,,,,,2026-04-27,276.86,278.23,276.25,277.1,801245.0,276.95763
2026-04-27T23:26:58.279,2,0,IWM260427P00286000,IWM,2026-04-27,put,286.0,8.85,9.0,8.91,14.0,8.879999999999999,9.01,1.0,,,,,,,2026-04-27,276.86,278.23,276.25,277.1,801245.0,276.95763
2026-04-27T23:26:58.279,2,0,IWM260427P00287000,IWM,2026-04-27,put,287.0,10.05,9.0,10.11,17.0,10.08,9.87,9.0,,,,,,,2026-04-27,276.86,278.23,276.25,277.1,801245.0,276.95763
2026-04-27T23:26:58.279,2,0,IWM260427P00288000,IWM,2026-04-27,put,288.0,10.92,9.0,11.01,17.0,10.965,11.14,5.0,,,,,,,2026-04-27,276.86,278.23,276.25,277.1,801245.0,276.95763
2026-04-27T23:26:58.279,2,0,IWM260427P00289000,IWM,2026-04-27,put,289.0,11.98,1.0,12.03,13.0,12.004999999999999,11.99,1.0,,,,,,,2026-04-27,276.86,278.23,276.25,277.1,801245.0,276.95763
2026-04-27T23:26:58.279,2,0,IWM260427P00290000,IWM,2026-04-27,put,290.0,12.85,9.0,12.94,12.0,12.895,13.3,1.0,,,,,,,2026-04-27,276.86,278.23,276.25,277.1,801245.0,276.95763
2026-04-27T23:26:58.279,2,0,IWM260427P00291000,IWM,2026-04-27,put,291.0,13.84,11.0,14.16,11.0,14.0,14.28,1.0,,,,,,,2026-04-27,276.86,278.23,276.25,277.1,801245.0,276.95763
2026-04-27T23:26:58.279,2,0,IWM260427P00292000,IWM,2026-04-27,put,292.0,14.9,15.0,15.02,15.0,14.96,15.14,1.0,,,,,,,2026-04-27,276.86,278.23,276.25,277.1,801245.0,276.95763
2026-04-27T23:26:58.279,2,0,IWM260427P00293000,IWM,2026-04-27,put,293.0,15.69,14.0,15.9,13.0,15.795,16.46,1.0,,,,,,,2026-04-27,276.86,278.23,276.25,277.1,801245.0,276.95763
2026-04-27T23:26:58.279,2,0,IWM260427P00294000,IWM,2026-04-27,put,294.0,16.68,15.0,17.13,1.0,16.905,17.56,1.0,,,,,,,2026-04-27,276.86,278.23,276.25,277.1,801245.0,276.95763
2026-04-27T23:26:58.279,2,0,IWM260427P00295000,IWM,2026-04-27,put,295.0,17.89,13.0,18.28,13.0,18.085,18.56,1.0,,,,,,,2026-04-27,276.86,278.23,276.25,277.1,801245.0,276.95763
2026-04-27T23:26:58.279,2,0,IWM260427P00296000,IWM,2026-04-27,put,296.0,18.8,13.0,19.14,10.0,18.97,19.35,1.0,,,,,,,2026-04-27,276.86,278.23,276.25,277.1,801245.0,276.95763
2026-04-27T23:26:58.279,2,0,IWM260427P00297000,IWM,2026-04-27,put,297.0,20.25,12.0,20.34,1.0,20.295,20.64,1.0,,,,,,,2026-04-27,276.86,278.23,276.25,277.1,801245.0,276.95763
2026-04-27T23:26:58.279,2,0,IWM260427P00298000,IWM,2026-04-27,put,298.0,20.88,12.0,21.05,13.0,20.965,21.53,1.0,,,,,,,2026-04-27,276.86,278.23,276.25,277.1,801245.0,276.95763
2026-04-27T23:26:58.279,2,0,IWM260427P00299000,IWM,2026-04-27,put,299.0,22.2,12.0,22.3,13.0,22.25,22.62,1.0,,,,,,,2026-04-27,276.86,278.23,276.25,277.1,801245.0,276.95763
2026-04-27T23:26:58.279,2,0,IWM260427P00300000,IWM,2026-04-27,put,300.0,22.48,13.0,22.58,13.0,22.53,23.29,1.0,,,,,,,2026-04-27,276.86,278.23,276.25,277.1,801245.0,276.95763
2026-04-27T23:26:58.279,2,0,IWM260427P00305000,IWM,2026-04-27,put,305.0,27.82,7.0,28.24,2.0,28.03,29.46,1.0,,,,,,,2026-04-27,276.86,278.23,276.25,277.1,801245.0,276.95763
2026-04-27T23:26:58.279,2,0,IWM260427P00310000,IWM,2026-04-27,put,310.0,33.19,4.0,33.3,1.0,33.245,32.8,1.0,,,,,,,2026-04-27,276.86,278.23,276.25,277.1,801245.0,276.95763
2026-04-27T23:26:58.279,2,0,IWM260427P00315000,IWM,2026-04-27,put,315.0,37.69,1.0,38.71,8.0,38.2,39.59,1.0,,,,,,,2026-04-27,276.86,278.23,276.25,277.1,801245.0,276.95763
2026-04-27T23:26:58.279,2,0,IWM260427P00320000,IWM,2026-04-27,put,320.0,42.17,3.0,43.73,6.0,42.95,43.23,1.0,,,,,,,2026-04-27,276.86,278.23,276.25,277.1,801245.0,276.95763
2026-04-27T23:26:58.279,2,1,IWM260428C00180000,IWM,2026-04-28,call,180.0,95.25,8.0,97.21,1.0,96.22999999999999,,,,,,,,,2026-04-27,276.86,278.23,276.25,277.1,801245.0,276.95763
2026-04-27T23:26:58.279,2,1,IWM260428C00190000,IWM,2026-04-28,call,190.0,86.01,1.0,88.81,1.0,87.41,,,,,,,,,2026-04-27,276.86,278.23,276.25,277.1,801245.0,276.95763
2026-04-27T23:26:58.279,2,1,IWM260428C00200000,IWM,2026-04-28,call,200.0,78.05,1.0,78.18,12.0,78.11500000000001,,,,,,,,,2026-04-27,276.86,278.23,276.25,277.1,801245.0,276.95763
2026-04-27T23:26:58.279,2,1,IWM260428C00205000,IWM,2026-04-28,call,205.0,72.46,5.0,72.59,1.0,72.525,,,,,,,,,2026-04-27,276.86,278.23,276.25,277.1,801245.0,276.95763
2026-04-27T23:26:58.279,2,1,IWM260428C00210000,IWM,2026-04-28,call,210.0,66.72,2.0,67.13,1.0,66.925,66.5,1.0,,,,,,,2026-04-27,276.86,278.23,276.25,277.1,801245.0,276.95763
2026-04-27T23:26:58.279,2,1,IWM260428C00215000,IWM,2026-04-28,call,215.0,62.37,1.0,62.49,1.0,62.43,,,,,,,,,2026-04-27,276.86,278.23,276.25,277.1,801245.0,276.95763
2026-04-27T23:26:58.279,2,1,IWM260428C00220000,IWM,2026-04-28,call,220.0,56.18,3.0,56.67,1.0,56.425,,,,,,,,,2026-04-27,276.86,278.23,276.25,277.1,801245.0,276.95763
2026-04-27T23:26:58.279,2,1,IWM260428C00225000,IWM,2026-04-28,call,225.0,52.57,2.0,52.68,10.0,52.625,49.36,1.0,,,,,,,2026-04-27,276.86,278.23,276.25,277.1,801245.0,276.95763
2026-04-27T23:26:58.279,2,1,IWM260428C00226000,IWM,2026-04-28,call,226.0,50.37,2.0,51.83,1.0,51.099999999999994,49.33,1.0,,,,,,,2026-04-27,276.86,278.23,276.25,277.1,801245.0,276.95763
2026-04-27T23:26:58.279,2,1,IWM260428C00227000,IWM,2026-04-28,call,227.0,50.29,4.0,50.42,1.0,50.355000000000004,47.06,1.0,,,,,,,2026-04-27,276.86,278.23,276.25,277.1,801245.0,276.95763
2026-04-27T23:26:58.279,2,1,IWM260428C00228000,IWM,2026-04-28,call,228.0,48.36,9.0,48.52,10.0,48.44,46.94,1.0,,,,,,,2026-04-27,276.86,278.23,276.25,277.1,801245.0,276.95763
2026-04-27T23:26:58.279,2,1,IWM260428C00229000,IWM,2026-04-28,call,229.0,48.65,3.0,48.73,1.0,48.69,46.1,1.0,,,,,,,2026-04-27,276.86,278.23,276.25,277.1,801245.0,276.95763
2026-04-27T23:26:58.279,2,1,IWM260428C00230000,IWM,2026-04-28,call,230.0,47.09,4.0,47.55,5.0,47.32,46.39,1.0,,,,,,,2026-04-27,276.86,278.23,276.25,277.1,801245.0,276.95763
2026-04-27T23:26:58.279,2,1,IWM260428C00231000,IWM,2026-04-28,call,231.0,45.47,5.0,45.62,1.0,45.545,44.92,1.0,,,,,,,2026-04-27,276.86,278.23,276.25,277.1,801245.0,276.95763
2026-04-27T23:26:58.279,2,1,IWM260428C00232000,IWM,2026-04-28,call,232.0,44.4,1.0,44.45,4.0,44.425,43.07,1.0,,,,,,,2026-04-27,276.86,278.23,276.25,277.1,801245.0,276.95763
2026-04-27T23:26:58.279,2,1,IWM260428C00233000,IWM,2026-04-28,call,233.0,43.56,4.0,44.1,10.0,43.83,44.76,1.0,,,,,,,2026-04-27,276.86,278.23,276.25,277.1,801245.0,276.95763
2026-04-27T23:26:58.279,2,1,IWM260428C00234000,IWM,2026-04-28,call,234.0,42.87,1.0,43.0,12.0,42.935,44.07,1.0,,,,,,,2026-04-27,276.86,278.23,276.25,277.1,801245.0,276.95763
2026-04-27T23:26:58.279,2,1,IWM260428C00235000,IWM,2026-04-28,call,235.0,41.99,1.0,42.4,1.0,42.195,39.81,1.0,,,,,,,2026-04-27,276.86,278.23,276.25,277.1,801245.0,276.95763
2026-04-27T23:26:58.279,2,1,IWM260428C00236000,IWM,2026-04-28,call,236.0,41.35,4.0,41.48,1.0,41.415,40.25,1.0,,,,,,,2026-04-27,276.86,278.23,276.25,277.1,801245.0,276.95763
2026-04-27T23:26:58.279,2,1,IWM260428C00237000,IWM,2026-04-28,call,237.0,40.17,4.0,40.31,2.0,40.24,38.93,1.0,,,,,,,2026-04-27,276.86,278.23,276.25,277.1,801245.0,276.95763
2026-04-27T23:26:58.279,2,1,IWM260428C00238000,IWM,2026-04-28,call,238.0,39.6,7.0,39.73,1.0,39.665,38.01,1.0,,,,,,,2026-04-27,276.86,278.23,276.25,277.1,801245.0,276.95763
2026-04-27T23:26:58.279,2,1,IWM260428C00239000,IWM,2026-04-28,call,239.0,38.59,10.0,38.72,1.0,38.655,37.51,1.0,,,,,,,2026-04-27,276.86,278.23,276.25,277.1,801245.0,276.95763
2026-04-27T23:26:58.279,2,1,IWM260428C00240000,IWM,2026-04-28,call,240.0,36.61,3.0,37.6,1.0,37.105000000000004,35.26,1.0,,,,,,,2026-04-27,276.86,278.23,276.25,277.1,801245.0,276.95763
2026-04-27T23:26:58.279,2,1,IWM260428C00241000,IWM,2026-04-28,call,241.0,35.95,2.0,36.09,1.0,36.02,34.31,1.0,,,,,,,2026-04-27,276.86,278.23,276.25,277.1,801245.0,276.95763
2026-04-27T23:26:58.279,2,1,IWM260428C00242000,IWM,2026-04-28,call,242.0,35.15,3.0,35.65,1.0,35.4,34.68,1.0,,,,,,,2026-04-27,276.86,278.23,276.25,277.1,801245.0,276.95763
2026-04-27T23:26:58.279,2,1,IWM260428C00243000,IWM,2026-04-28,call,243.0,34.64,1.0,34.77,3.0,34.705,32.06,1.0,,,,,,,2026-04-27,276.86,278.23,276.25,277.1,801245.0,276.95763
2026-04-27T23:26:58.279,2,1,IWM260428C00244000,IWM,2026-04-28,call,244.0,32.91,10.0,33.04,1.0,32.974999999999994,31.27,1.0,,,,,,,2026-04-27,276.86,278.23,276.25,277.1,801245.0,276.95763
2026-04-27T23:26:58.279,2,1,IWM260428C00245000,IWM,2026-04-28,call,245.0,32.25,1.0,32.4,12.0,32.325,31.42,1.0,,,,,,,2026-04-27,276.86,278.23,276.25,277.1,801245.0,276.95763
2026-04-27T23:26:58.279,2,1,IWM260428C00246000,IWM,2026-04-28,call,246.0,30.74,1.0,30.87,11.0,30.805,31.14,1.0,,,,,,,2026-04-27,276.86,278.23,276.25,277.1,801245.0,276.95763
2026-04-27T23:26:58.279,2,1,IWM260428C00247000,IWM,2026-04-28,call,247.0,30.25,5.0,30.38,1.0,30.314999999999998,28.52,1.0,,,,,,,2026-04-27,276.86,278.23,276.25,277.1,801245.0,276.95763
2026-04-27T23:26:58.279,2,1,IWM260428C00248000,IWM,2026-04-28,call,248.0,29.2,12.0,29.41,1.0,29.305,28.79,3.0,,,,,,,2026-04-27,276.86,278.23,276.25,277.1,801245.0,276.95763
2026-04-27T23:26:58.279,2,1,IWM260428C00249000,IWM,2026-04-28,call,249.0,28.17,7.0,28.64,2.0,28.405,26.46,1.0,,,,,,,2026-04-27,276.86,278.23,276.25,277.1,801245.0,276.95763
2026-04-27T23:26:58.279,2,1,IWM260428C00250000,IWM,2026-04-28,call,250.0,26.8,15.0,27.28,11.0,27.04,27.33,1.0,,,,,,,2026-04-27,276.86,278.23,276.25,277.1,801245.0,276.95763
2026-04-27T23:26:58.279,2,1,IWM260428C00251000,IWM,2026-04-28,call,251.0,26.22,10.0,26.42,1.0,26.32,26.19,1.0,,,,,,,2026-04-27,276.86,278.23,276.25,277.1,801245.0,276.95763
2026-04-27T23:26:58.279,2,1,IWM260428C00252000,IWM,2026-04-28,call,252.0,24.77,13.0,25.11,13.0,24.939999999999998,24.65,1.0,,,,,,,2026-04-27,276.86,278.23,276.25,277.1,801245.0,276.95763
2026-04-27T23:26:58.279,2,1,IWM260428C00253000,IWM,2026-04-28,call,253.0,23.83,10.0,24.56,12.0,24.195,23.89,1.0,,,,,,,2026-04-27,276.86,278.23,276.25,277.1,801245.0,276.95763
2026-04-27T23:26:58.279,2,1,IWM260428C00254000,IWM,2026-04-28,call,254.0,23.31,11.0,23.4,11.0,23.354999999999997,22.76,1.0,,,,,,,2026-04-27,276.86,278.23,276.25,277.1,801245.0,276.95763
2026-04-27T23:26:58.279,2,1,IWM260428C00255000,IWM,2026-04-28,call,255.0,21.65,13.0,21.85,12.0,21.75,21.89,5.0,,,,,,,2026-04-27,276.86,278.23,276.25,277.1,801245.0,276.95763
2026-04-27T23:26:58.279,2,1,IWM260428C00256000,IWM,2026-04-28,call,256.0,21.23,9.0,21.32,9.0,21.275,20.82,1.0,,,,,,,2026-04-27,276.86,278.23,276.25,277.1,801245.0,276.95763
2026-04-27T23:26:58.279,2,1,IWM260428C00257000,IWM,2026-04-28,call,257.0,20.29,10.0,20.32,6.0,20.305,20.24,1.0,,,,,,,2026-04-27,276.86,278.23,276.25,277.1,801245.0,276.95763
2026-04-27T23:26:58.279,2,1,IWM260428C00258000,IWM,2026-04-28,call,258.0,19.17,13.0,19.4,12.0,19.285,19.03,1.0,,,,,,,2026-04-27,276.86,278.23,276.25,277.1,801245.0,276.95763
2026-04-27T23:26:58.279,2,1,IWM260428C00259000,IWM,2026-04-28,call,259.0,18.28,14.0,18.38,14.0,18.33,17.96,2.0,,,,,,,2026-04-27,276.86,278.23,276.25,277.1,801245.0,276.95763
2026-04-27T23:26:58.279,2,1,IWM260428C00260000,IWM,2026-04-28,call,260.0,17.03,14.0,17.05,13.0,17.04,16.85,10.0,,,,,,,2026-04-27,276.86,278.23,276.25,277.1,801245.0,276.95763
2026-04-27T23:26:58.279,2,1,IWM260428C00261000,IWM,2026-04-28,call,261.0,15.97,10.0,16.309,10.0,16.1395,16.25,1.0,,,,,,,2026-04-27,276.86,278.23,276.25,277.1,801245.0,276.95763
2026-04-27T23:26:58.279,2,1,IWM260428C00262000,IWM,2026-04-28,call,262.0,14.88,9.0,15.32,5.0,15.100000000000001,14.93,1.0,,,,,,,2026-04-27,276.86,278.23,276.25,277.1,801245.0,276.95763
2026-04-27T23:26:58.279,2,1,IWM260428C00263000,IWM,2026-04-28,call,263.0,14.13,15.0,14.14,5.0,14.135000000000002,13.86,1.0,,,,,,,2026-04-27,276.86,278.23,276.25,277.1,801245.0,276.95763
2026-04-27T23:26:58.279,2,1,IWM260428C00264000,IWM,2026-04-28,call,264.0,13.22,19.0,13.32,28.0,13.27,13.08,1.0,,,,,,,2026-04-27,276.86,278.23,276.25,277.1,801245.0,276.95763
2026-04-27T23:26:58.279,2,1,IWM260428C00265000,IWM,2026-04-28,call,265.0,12.22,14.0,12.35,11.0,12.285,12.02,1.0,,,,,,,2026-04-27,276.86,278.23,276.25,277.1,801245.0,276.95763
2026-04-27T23:26:58.279,2,1,IWM260428C00266000,IWM,2026-04-28,call,266.0,10.98,12.0,11.26,11.0,11.120000000000001,11.18,1.0,,,,,,,2026-04-27,276.86,278.23,276.25,277.1,801245.0,276.95763
2026-04-27T23:26:58.279,2,1,IWM260428C00267000,IWM,2026-04-28,call,267.0,10.2,18.0,10.29,7.0,10.245,9.63,1.0,,,,,,,2026-04-27,276.86,278.23,276.25,277.1,801245.0,276.95763
2026-04-27T23:26:58.279,2,1,IWM260428C00268000,IWM,2026-04-28,call,268.0,8.95,11.0,9.3,11.0,9.125,9.04,1.0,,,,,,,2026-04-27,276.86,278.23,276.25,277.1,801245.0,276.95763
2026-04-27T23:26:58.279,2,1,IWM260428C00269000,IWM,2026-04-28,call,269.0,8.22,13.0,8.33,13.0,8.275,8.05,1.0,,,,,,,2026-04-27,276.86,278.23,276.25,277.1,801245.0,276.95763
2026-04-27T23:26:58.279,2,1,IWM260428C00270000,IWM,2026-04-28,call,270.0,7.08,15.0,7.11,14.0,7.095000000000001,7.08,5.0,,,,,,,2026-04-27,276.86,278.23,276.25,277.1,801245.0,276.95763
2026-04-27T23:26:58.279,2,1,IWM260428C00271000,IWM,2026-04-28,call,271.0,6.11,18.0,6.14,18.0,6.125,6.13,1.0,,,,,,,2026-04-27,276.86,278.23,276.25,277.1,801245.0,276.95763
2026-04-27T23:26:58.279,2,1,IWM260428C00272000,IWM,2026-04-28,call,272.0,5.14,12.0,5.35,5.0,5.244999999999999,5.13,1.0,,,,,,,2026-04-27,276.86,278.23,276.25,277.1,801245.0,276.95763
2026-04-27T23:26:58.279,2,1,IWM260428C00273000,IWM,2026-04-28,call,273.0,4.25,26.0,4.39,62.0,4.32,4.1,1.0,,,,,,,2026-04-27,276.86,278.23,276.25,277.1,801245.0,276.95763
2026-04-27T23:26:58.279,2,1,IWM260428C00274000,IWM,2026-04-28,call,274.0,3.4,43.0,3.45,24.0,3.425,3.3,10.0,,,,,,,2026-04-27,276.86,278.23,276.25,277.1,801245.0,276.95763
2026-04-27T23:26:58.279,2,1,IWM260428C00275000,IWM,2026-04-28,call,275.0,2.47,34.0,2.6,9.0,2.535,2.48,10.0,,,,,,,2026-04-27,276.86,278.23,276.25,277.1,801245.0,276.95763
2026-04-27T23:26:58.279,2,1,IWM260428C00276000,IWM,2026-04-28,call,276.0,1.77,47.0,1.85,26.0,1.81,1.74,3.0,0.1207,0.8277,0.1455,-0.2465,0.0371,0.0062,2026-04-27,276.86,278.23,276.25,277.1,801245.0,276.95763
2026-04-27T23:26:58.279,2,1,IWM260428C00277000,IWM,2026-04-28,call,277.0,1.15,184.0,1.18,33.0,1.165,1.11,10.0,0.1381,0.628,0.1884,-0.3968,0.055,0.0047,2026-04-27,276.86,278.23,276.25,277.1,801245.0,276.95763
2026-04-27T23:26:58.279,2,1,IWM260428C00278000,IWM,2026-04-28,call,278.0,0.7,231.0,0.73,44.0,0.715,0.64,1.0,0.1517,0.4381,0.1788,-0.4464,0.0573,0.0033,2026-04-27,276.86,278.23,276.25,277.1,801245.0,276.95763
2026-04-27T23:26:58.279,2,1,IWM260428C00279000,IWM,2026-04-28,call,279.0,0.39,275.0,0.41,57.0,0.4,0.33,1.0,0.1588,0.2808,0.1461,-0.3966,0.049,0.0021,2026-04-27,276.86,278.23,276.25,277.1,801245.0,276.95763
2026-04-27T23:26:58.279,2,1,IWM260428C00280000,IWM,2026-04-28,call,280.0,0.2,168.0,0.21,140.0,0.20500000000000002,0.18,5.0,0.1637,0.1635,0.1037,-0.298,0.0359,0.0012,2026-04-27,276.86,278.23,276.25,277.1,801245.0,276.95763
2026-04-27T23:26:58.279,2,1,IWM260428C00281000,IWM,2026-04-28,call,281.0,0.1,373.0,0.11,143.0,0.10500000000000001,0.09,5.0,0.1713,0.0911,0.0658,-0.2065,0.0238,0.0007,2026-04-27,276.86,278.23,276.25,277.1,801245.0,276.95763
2026-04-27T23:26:58.279,2,1,IWM260428C00282000,IWM,2026-04-28,call,282.0,0.01,640.0,0.06,42.0,0.034999999999999996,0.02,1.0,0.1655,0.0366,0.0334,-0.0975,0.0117,0.0003,2026-04-27,276.86,278.23,276.25,277.1,801245.0,276.95763
2026-04-27T23:26:58.279,2,1,IWM260428C00282500,IWM,2026-04-28,call,282.5,0.04,418.0,0.05,180.0,0.045,0.04,20.0,0.1893,0.0406,0.0317,-0.121,0.0127,0.0003,2026-04-27,276.86,278.23,276.25,277.1,801245.0,276.95763
2026-04-27T23:26:58.279,2,1,IWM260428C00283000,IWM,2026-04-28,call,283.0,0.03,1179.0,0.04,254.0,0.035,0.01,8.0,0.1959,0.0316,0.025,-0.102,0.0103,0.0002,2026-04-27,276.86,278.23,276.25,277.1,801245.0,276.95763
2026-04-27T23:26:58.279,2,1,IWM260428C00284000,IWM,2026-04-28,call,284.0,0.03,112.0,0.04,947.0,0.035,0.01,1.0,0.2254,0.028,0.0196,-0.1059,0.0093,0.0002,2026-04-27,276.86,278.23,276.25,277.1,801245.0,276.95763
2026-04-27T23:26:58.279,2,1,IWM260428C00285000,IWM,2026-04-28,call,285.0,0.0,0.0,0.01,88.0,0.005,0.01,10.0,,,,,,,2026-04-27,276.86,278.23,276.25,277.1,801245.0,276.95763
2026-04-27T23:26:58.279,2,1,IWM260428C00286000,IWM,2026-04-28,call,286.0,0.0,0.0,0.03,289.0,0.015,0.01,2.0,,,,,,,2026-04-27,276.86,278.23,276.25,277.1,801245.0,276.95763
2026-04-27T23:26:58.279,2,1,IWM260428C00287000,IWM,2026-04-28,call,287.0,0.0,0.0,0.03,198.0,0.015,0.01,30.0,,,,,,,2026-04-27,276.86,278.23,276.25,277.1,801245.0,276.95763
2026-04-27T23:26:58.279,2,1,IWM260428C00288000,IWM,2026-04-28,call,288.0,0.0,0.0,0.03,128.0,0.015,0.01,4.0,,,,,,,2026-04-27,276.86,278.23,276.25,277.1,801245.0,276.95763
2026-04-27T23:26:58.279,2,1,IWM260428C00289000,IWM,2026-04-28,call,289.0,0.0,0.0,0.01,104.0,0.005,0.01,1.0,,,,,,,2026-04-27,276.86,278.23,276.25,277.1,801245.0,276.95763
2026-04-27T23:26:58.279,2,1,IWM260428C00290000,IWM,2026-04-28,call,290.0,0.0,0.0,0.01,119.0,0.005,0.01,2.0,,,,,,,2026-04-27,276.86,278.23,276.25,277.1,801245.0,276.95763
2026-04-27T23:26:58.279,2,1,IWM260428C00291000,IWM,2026-04-28,call,291.0,0.0,0.0,0.01,131.0,0.005,0.13,1.0,,,,,,,2026-04-27,276.86,278.23,276.25,277.1,801245.0,276.95763
2026-04-27T23:26:58.279,2,1,IWM260428C00292000,IWM,2026-04-28,call,292.0,0.0,0.0,0.01,126.0,0.005,0.01,3.0,,,,,,,2026-04-27,276.86,278.23,276.25,277.1,801245.0,276.95763
2026-04-27T23:26:58.279,2,1,IWM260428C00293000,IWM,2026-04-28,call,293.0,0.0,0.0,0.01,78.0,0.005,0.03,10.0,,,,,,,2026-04-27,276.86,278.23,276.25,277.1,801245.0,276.95763
2026-04-27T23:26:58.279,2,1,IWM260428C00294000,IWM,2026-04-28,call,294.0,0.0,0.0,0.03,133.0,0.015,0.12,5.0,,,,,,,2026-04-27,276.86,278.23,276.25,277.1,801245.0,276.95763
2026-04-27T23:26:58.279,2,1,IWM260428C00295000,IWM,2026-04-28,call,295.0,0.0,0.0,0.03,193.0,0.015,0.01,7.0,,,,,,,2026-04-27,276.86,278.23,276.25,277.1,801245.0,276.95763
2026-04-27T23:26:58.279,2,1,IWM260428C00296000,IWM,2026-04-28,call,296.0,0.0,0.0,0.01,145.0,0.005,0.1,6.0,,,,,,,2026-04-27,276.86,278.23,276.25,277.1,801245.0,276.95763
2026-04-27T23:26:58.279,2,1,IWM260428C00297000,IWM,2026-04-28,call,297.0,0.0,0.0,0.01,106.0,0.005,0.01,15.0,,,,,,,2026-04-27,276.86,278.23,276.25,277.1,801245.0,276.95763
2026-04-27T23:26:58.279,2,1,IWM260428C00298000,IWM,2026-04-28,call,298.0,0.0,0.0,0.01,123.0,0.005,0.03,7.0,,,,,,,2026-04-27,276.86,278.23,276.25,277.1,801245.0,276.95763
2026-04-27T23:26:58.279,2,1,IWM260428C00299000,IWM,2026-04-28,call,299.0,0.0,0.0,0.01,166.0,0.005,0.07,1.0,,,,,,,2026-04-27,276.86,278.23,276.25,277.1,801245.0,276.95763
2026-04-27T23:26:58.279,2,1,IWM260428C00300000,IWM,2026-04-28,call,300.0,0.0,0.0,0.03,131.0,0.015,0.01,2.0,,,,,,,2026-04-27,276.86,278.23,276.25,277.1,801245.0,276.95763
2026-04-27T23:26:58.279,2,1,IWM260428C00305000,IWM,2026-04-28,call,305.0,0.0,0.0,0.03,181.0,0.015,0.01,10.0,,,,,,,2026-04-27,276.86,278.23,276.25,277.1,801245.0,276.95763
2026-04-27T23:26:58.279,2,1,IWM260428C00310000,IWM,2026-04-28,call,310.0,0.0,0.0,0.03,122.0,0.015,,,,,,,,,2026-04-27,276.86,278.23,276.25,277.1,801245.0,276.95763
2026-04-27T23:26:58.279,2,1,IWM260428C00315000,IWM,2026-04-28,call,315.0,0.0,0.0,0.01,128.0,0.005,,,,,,,,,2026-04-27,276.86,278.23,276.25,277.1,801245.0,276.95763
2026-04-27T23:26:58.279,2,1,IWM260428C00320000,IWM,2026-04-28,call,320.0,0.0,0.0,0.01,92.0,0.005,,,,,,,,,2026-04-27,276.86,278.23,276.25,277.1,801245.0,276.95763
2026-04-27T23:26:58.279,2,1,IWM260428P00180000,IWM,2026-04-28,put,180.0,0.0,0.0,0.03,92.0,0.015,,,,,,,,,2026-04-27,276.86,278.23,276.25,277.1,801245.0,276.95763
2026-04-27T23:26:58.279,2,1,IWM260428P00190000,IWM,2026-04-28,put,190.0,0.0,0.0,0.01,92.0,0.005,,,,,,,,,2026-04-27,276.86,278.23,276.25,277.1,801245.0,276.95763
2026-04-27T23:26:58.279,2,1,IWM260428P00200000,IWM,2026-04-28,put,200.0,0.0,0.0,0.01,92.0,0.005,,,,,,,,,2026-04-27,276.86,278.23,276.25,277.1,801245.0,276.95763
2026-04-27T23:26:58.279,2,1,IWM260428P00205000,IWM,2026-04-28,put,205.0,0.0,0.0,0.01,92.0,0.005,,,,,,,,,2026-04-27,276.86,278.23,276.25,277.1,801245.0,276.95763
2026-04-27T23:26:58.279,2,1,IWM260428P00210000,IWM,2026-04-28,put,210.0,0.0,0.0,0.03,92.0,0.015,0.03,1.0,,,,,,,2026-04-27,276.86,278.23,276.25,277.1,801245.0,276.95763
2026-04-27T23:26:58.279,2,1,IWM260428P00215000,IWM,2026-04-28,put,215.0,0.0,0.0,0.03,92.0,0.015,,,,,,,,,2026-04-27,276.86,278.23,276.25,277.1,801245.0,276.95763
2026-04-27T23:26:58.279,2,1,IWM260428P00220000,IWM,2026-04-28,put,220.0,0.0,0.0,0.03,120.0,0.015,,,,,,,,,2026-04-27,276.86,278.23,276.25,277.1,801245.0,276.95763
2026-04-27T23:26:58.279,2,1,IWM260428P00225000,IWM,2026-04-28,put,225.0,0.0,0.0,0.03,92.0,0.015,,,,,,,,,2026-04-27,276.86,278.23,276.25,277.1,801245.0,276.95763
2026-04-27T23:26:58.279,2,1,IWM260428P00226000,IWM,2026-04-28,put,226.0,0.0,0.0,0.01,92.0,0.005,0.01,1.0,,,,,,,2026-04-27,276.86,278.23,276.25,277.1,801245.0,276.95763
2026-04-27T23:26:58.279,2,1,IWM260428P00227000,IWM,2026-04-28,put,227.0,0.0,0.0,0.01,92.0,0.005,0.04,2.0,,,,,,,2026-04-27,276.86,278.23,276.25,277.1,801245.0,276.95763
2026-04-27T23:26:58.279,2,1,IWM260428P00228000,IWM,2026-04-28,put,228.0,0.0,0.0,0.03,92.0,0.015,0.04,2.0,,,,,,,2026-04-27,276.86,278.23,276.25,277.1,801245.0,276.95763
2026-04-27T23:26:58.279,2,1,IWM260428P00229000,IWM,2026-04-28,put,229.0,0.0,0.0,0.03,92.0,0.015,0.02,2.0,,,,,,,2026-04-27,276.86,278.23,276.25,277.1,801245.0,276.95763
2026-04-27T23:26:58.279,2,1,IWM260428P00230000,IWM,2026-04-28,put,230.0,0.0,0.0,0.03,92.0,0.015,0.06,2.0,,,,,,,2026-04-27,276.86,278.23,276.25,277.1,801245.0,276.95763
2026-04-27T23:26:58.279,2,1,IWM260428P00231000,IWM,2026-04-28,put,231.0,0.0,0.0,0.01,92.0,0.005,0.04,2.0,,,,,,,2026-04-27,276.86,278.23,276.25,277.1,801245.0,276.95763
2026-04-27T23:26:58.279,2,1,IWM260428P00232000,IWM,2026-04-28,put,232.0,0.0,0.0,0.01,92.0,0.005,0.04,2.0,,,,,,,2026-04-27,276.86,278.23,276.25,277.1,801245.0,276.95763
2026-04-27T23:26:58.279,2,1,IWM260428P00233000,IWM,2026-04-28,put,233.0,0.0,0.0,0.03,92.0,0.015,0.05,2.0,,,,,,,2026-04-27,276.86,278.23,276.25,277.1,801245.0,276.95763
2026-04-27T23:26:58.279,2,1,IWM260428P00234000,IWM,2026-04-28,put,234.0,0.0,0.0,0.01,92.0,0.005,0.02,2.0,,,,,,,2026-04-27,276.86,278.23,276.25,277.1,801245.0,276.95763
2026-04-27T23:26:58.279,2,1,IWM260428P00235000,IWM,2026-04-28,put,235.0,0.0,0.0,0.03,92.0,0.015,0.05,2.0,,,,,,,2026-04-27,276.86,278.23,276.25,277.1,801245.0,276.95763
2026-04-27T23:26:58.279,2,1,IWM260428P00236000,IWM,2026-04-28,put,236.0,0.0,0.0,0.01,118.0,0.005,0.05,2.0,,,,,,,2026-04-27,276.86,278.23,276.25,277.1,801245.0,276.95763
2026-04-27T23:26:58.279,2,1,IWM260428P00237000,IWM,2026-04-28,put,237.0,0.0,0.0,0.03,186.0,0.015,0.06,2.0,,,,,,,2026-04-27,276.86,278.23,276.25,277.1,801245.0,276.95763
2026-04-27T23:26:58.279,2,1,IWM260428P00238000,IWM,2026-04-28,put,238.0,0.0,0.0,0.01,186.0,0.005,0.06,2.0,,,,,,,2026-04-27,276.86,278.23,276.25,277.1,801245.0,276.95763
2026-04-27T23:26:58.279,2,1,IWM260428P00239000,IWM,2026-04-28,put,239.0,0.0,0.0,0.03,134.0,0.015,0.04,2.0,,,,,,,2026-04-27,276.86,278.23,276.25,277.1,801245.0,276.95763
2026-04-27T23:26:58.279,2,1,IWM260428P00240000,IWM,2026-04-28,put,240.0,0.0,0.0,0.03,131.0,0.015,0.03,1.0,,,,,,,2026-04-27,276.86,278.23,276.25,277.1,801245.0,276.95763
2026-04-27T23:26:58.279,2,1,IWM260428P00241000,IWM,2026-04-28,put,241.0,0.0,0.0,0.01,128.0,0.005,0.07,2.0,,,,,,,2026-04-27,276.86,278.23,276.25,277.1,801245.0,276.95763
2026-04-27T23:26:58.279,2,1,IWM260428P00242000,IWM,2026-04-28,put,242.0,0.0,0.0,0.01,150.0,0.005,0.07,2.0,,,,,,,2026-04-27,276.86,278.23,276.25,277.1,801245.0,276.95763
2026-04-27T23:26:58.279,2,1,IWM260428P00243000,IWM,2026-04-28,put,243.0,0.0,0.0,0.03,129.0,0.015,0.06,2.0,,,,,,,2026-04-27,276.86,278.23,276.25,277.1,801245.0,276.95763
2026-04-27T23:26:58.279,2,1,IWM260428P00244000,IWM,2026-04-28,put,244.0,0.0,0.0,0.01,129.0,0.005,0.01,2.0,,,,,,,2026-04-27,276.86,278.23,276.25,277.1,801245.0,276.95763
2026-04-27T23:26:58.279,2,1,IWM260428P00245000,IWM,2026-04-28,put,245.0,0.0,0.0,0.01,127.0,0.005,0.01,1.0,,,,,,,2026-04-27,276.86,278.23,276.25,277.1,801245.0,276.95763
2026-04-27T23:26:58.279,2,1,IWM260428P00246000,IWM,2026-04-28,put,246.0,0.0,0.0,0.01,129.0,0.005,0.08,2.0,,,,,,,2026-04-27,276.86,278.23,276.25,277.1,801245.0,276.95763
2026-04-27T23:26:58.279,2,1,IWM260428P00247000,IWM,2026-04-28,put,247.0,0.0,0.0,0.01,129.0,0.005,0.01,1.0,,,,,,,2026-04-27,276.86,278.23,276.25,277.1,801245.0,276.95763
2026-04-27T23:26:58.279,2,1,IWM260428P00248000,IWM,2026-04-28,put,248.0,0.0,0.0,0.01,186.0,0.005,0.13,2.0,,,,,,,2026-04-27,276.86,278.23,276.25,277.1,801245.0,276.95763
2026-04-27T23:26:58.279,2,1,IWM260428P00249000,IWM,2026-04-28,put,249.0,0.0,0.0,0.03,136.0,0.015,0.12,2.0,,,,,,,2026-04-27,276.86,278.23,276.25,277.1,801245.0,276.95763
2026-04-27T23:26:58.279,2,1,IWM260428P00250000,IWM,2026-04-28,put,250.0,0.0,0.0,0.03,122.0,0.015,0.04,4.0,,,,,,,2026-04-27,276.86,278.23,276.25,277.1,801245.0,276.95763
2026-04-27T23:26:58.279,2,1,IWM260428P00251000,IWM,2026-04-28,put,251.0,0.0,0.0,0.03,191.0,0.015,0.04,3.0,,,,,,,2026-04-27,276.86,278.23,276.25,277.1,801245.0,276.95763
2026-04-27T23:26:58.279,2,1,IWM260428P00252000,IWM,2026-04-28,put,252.0,0.0,0.0,0.03,192.0,0.015,0.12,3.0,,,,,,,2026-04-27,276.86,278.23,276.25,277.1,801245.0,276.95763
2026-04-27T23:26:58.279,2,1,IWM260428P00253000,IWM,2026-04-28,put,253.0,0.0,0.0,0.01,77.0,0.005,0.01,1.0,,,,,,,2026-04-27,276.86,278.23,276.25,277.1,801245.0,276.95763
2026-04-27T23:26:58.279,2,1,IWM260428P00254000,IWM,2026-04-28,put,254.0,0.0,0.0,0.03,161.0,0.015,0.01,1.0,,,,,,,2026-04-27,276.86,278.23,276.25,277.1,801245.0,276.95763
2026-04-27T23:26:58.279,2,1,IWM260428P00255000,IWM,2026-04-28,put,255.0,0.0,0.0,0.03,78.0,0.015,0.01,1.0,,,,,,,2026-04-27,276.86,278.23,276.25,277.1,801245.0,276.95763
2026-04-27T23:26:58.279,2,1,IWM260428P00256000,IWM,2026-04-28,put,256.0,0.0,0.0,0.03,78.0,0.015,0.01,1.0,,,,,,,2026-04-27,276.86,278.23,276.25,277.1,801245.0,276.95763
2026-04-27T23:26:58.279,2,1,IWM260428P00257000,IWM,2026-04-28,put,257.0,0.0,0.0,0.03,96.0,0.015,0.01,1.0,,,,,,,2026-04-27,276.86,278.23,276.25,277.1,801245.0,276.95763
2026-04-27T23:26:58.279,2,1,IWM260428P00258000,IWM,2026-04-28,put,258.0,0.0,0.0,0.01,174.0,0.005,0.01,10.0,,,,,,,2026-04-27,276.86,278.23,276.25,277.1,801245.0,276.95763
2026-04-27T23:26:58.279,2,1,IWM260428P00259000,IWM,2026-04-28,put,259.0,0.0,0.0,0.03,77.0,0.015,0.01,15.0,,,,,,,2026-04-27,276.86,278.23,276.25,277.1,801245.0,276.95763
2026-04-27T23:26:58.279,2,1,IWM260428P00260000,IWM,2026-04-28,put,260.0,0.0,0.0,0.03,77.0,0.015,0.01,1.0,,,,,,,2026-04-27,276.86,278.23,276.25,277.1,801245.0,276.95763
2026-04-27T23:26:58.279,2,1,IWM260428P00261000,IWM,2026-04-28,put,261.0,0.0,0.0,0.01,78.0,0.005,0.01,1.0,,,,,,,2026-04-27,276.86,278.23,276.25,277.1,801245.0,276.95763
2026-04-27T23:26:58.279,2,1,IWM260428P00262000,IWM,2026-04-28,put,262.0,0.0,0.0,0.03,22.0,0.015,0.01,1.0,,,,,,,2026-04-27,276.86,278.23,276.25,277.1,801245.0,276.95763
2026-04-27T23:26:58.279,2,1,IWM260428P00263000,IWM,2026-04-28,put,263.0,0.0,0.0,0.03,146.0,0.015,0.01,1.0,,,,,,,2026-04-27,276.86,278.23,276.25,277.1,801245.0,276.95763
2026-04-27T23:26:58.279,2,1,IWM260428P00264000,IWM,2026-04-28,put,264.0,0.0,0.0,0.01,456.0,0.005,0.01,5.0,,,,,,,2026-04-27,276.86,278.23,276.25,277.1,801245.0,276.95763
2026-04-27T23:26:58.279,2,1,IWM260428P00265000,IWM,2026-04-28,put,265.0,0.03,8.0,0.04,83.0,0.035,0.03,1.0,0.4176,-0.016,0.0066,-0.1212,0.0058,-0.0001,2026-04-27,276.86,278.23,276.25,277.1,801245.0,276.95763
2026-04-27T23:26:58.279,2,1,IWM260428P00266000,IWM,2026-04-28,put,266.0,0.03,10.0,0.04,282.0,0.035,0.01,1.0,0.3885,-0.0171,0.0075,-0.1191,0.0062,-0.0001,2026-04-27,276.86,278.23,276.25,277.1,801245.0,276.95763
2026-04-27T23:26:58.279,2,1,IWM260428P00267000,IWM,2026-04-28,put,267.0,0.01,43.0,0.04,876.0,0.025,0.03,2.0,0.3422,-0.0142,0.0073,-0.0894,0.0052,-0.0001,2026-04-27,276.86,278.23,276.25,277.1,801245.0,276.95763
2026-04-27T23:26:58.279,2,1,IWM260428P00268000,IWM,2026-04-28,put,268.0,0.03,862.0,0.04,432.0,0.035,0.03,11.0,0.3297,-0.0198,0.01,-0.1145,0.007,-0.0002,2026-04-27,276.86,278.23,276.25,277.1,801245.0,276.95763
2026-04-27T23:26:58.279,2,1,IWM260428P00269000,IWM,2026-04-28,put,269.0,0.04,512.0,0.05,733.0,0.045,0.02,1.0,0.3123,-0.026,0.0133,-0.1362,0.0088,-0.0002,2026-04-27,276.86,278.23,276.25,277.1,801245.0,276.95763
2026-04-27T23:26:58.279,2,1,IWM260428P00270000,IWM,2026-04-28,put,270.0,0.05,836.0,0.06,285.0,0.055,0.03,1.0,0.2913,-0.0329,0.0174,-0.1547,0.0107,-0.0003,2026-04-27,276.86,278.23,276.25,277.1,801245.0,276.95763
2026-04-27T23:26:58.279,2,1,IWM260428P00271000,IWM,2026-04-28,put,271.0,0.08,2.0,0.09,655.0,0.08499999999999999,0.07,1.0,0.2819,-0.0495,0.025,-0.2081,0.0149,-0.0004,2026-04-27,276.86,278.23,276.25,277.1,801245.0,276.95763
2026-04-27T23:26:58.279,2,1,IWM260428P00272000,IWM,2026-04-28,put,272.0,0.11,440.0,0.12,242.0,0.11499999999999999,0.11,5.0,0.2642,-0.0677,0.0341,-0.2494,0.019,-0.0005,2026-04-27,276.86,278.23,276.25,277.1,801245.0,276.95763
2026-04-27T23:26:58.279,2,1,IWM260428P00273000,IWM,2026-04-28,put,273.0,0.13,361.0,0.19,261.0,0.16,0.17,1.0,0.247,-0.0947,0.047,-0.3,0.0245,-0.0007,2026-04-27,276.86,278.23,276.25,277.1,801245.0,276.95763
2026-04-27T23:26:58.279,2,1,IWM260428P00274000,IWM,2026-04-28,put,274.0,0.29,1.0,0.3,421.0,0.295,0.26,1.0,0.2501,-0.1546,0.0655,-0.428,0.0346,-0.0012,2026-04-27,276.86,278.23,276.25,277.1,801245.0,276.95763
2026-04-27T23:26:58.279,2,1,IWM260428P00275000,IWM,2026-04-28,put,275.0,0.46,21.0,0.47,365.0,0.46499999999999997,0.45,1.0,0.2445,-0.2251,0.0844,-0.5268,0.0436,-0.0017,2026-04-27,276.86,278.23,276.25,277.1,801245.0,276.95763
2026-04-27T23:26:58.279,2,1,IWM260428P00276000,IWM,2026-04-28,put,276.0,0.71,5.0,0.73,79.0,0.72,0.7,1.0,0.2407,-0.3161,0.1017,-0.6134,0.0517,-0.0024,2026-04-27,276.86,278.23,276.25,277.1,801245.0,276.95763
2026-04-27T23:26:58.279,2,1,IWM260428P00277000,IWM,2026-04-28,put,277.0,1.02,22.0,1.05,49.0,1.0350000000000001,1.1,1.0,0.2304,-0.4209,0.1168,-0.6428,0.0568,-0.0032,2026-04-27,276.86,278.23,276.25,277.1,801245.0,276.95763
2026-04-27T23:26:58.279,2,1,IWM260428P00278000,IWM,2026-04-28,put,278.0,1.53,21.0,1.62,27.0,1.5750000000000002,1.61,1.0,0.2399,-0.5377,0.1139,-0.6773,0.0577,-0.0041,2026-04-27,276.86,278.23,276.25,277.1,801245.0,276.95763
2026-04-27T23:26:58.279,2,1,IWM260428P00279000,IWM,2026-04-28,put,279.0,2.22,21.0,2.32,1.0,2.27,2.32,1.0,0.2577,-0.6381,0.1001,-0.684,0.0545,-0.0049,2026-04-27,276.86,278.23,276.25,277.1,801245.0,276.95763
2026-04-27T23:26:58.279,2,1,IWM260428P00280000,IWM,2026-04-28,put,280.0,3.01,11.0,3.09,38.0,3.05,3.16,2.0,0.2761,-0.7179,0.0842,-0.6577,0.0491,-0.0055,2026-04-27,276.86,278.23,276.25,277.1,801245.0,276.95763
2026-04-27T23:26:58.279,2,1,IWM260428P00281000,IWM,2026-04-28,put,281.0,3.91,16.0,4.09,20.0,4.0,3.98,13.0,0.3196,-0.7609,0.0668,-0.699,0.0451,-0.0059,2026-04-27,276.86,278.23,276.25,277.1,801245.0,276.95763
2026-04-27T23:26:58.279,2,1,IWM260428P00282000,IWM,2026-04-28,put,282.0,4.87,14.0,5.08,14.0,4.975,5.25,10.0,0.3641,-0.79,0.0545,-0.7401,0.0419,-0.0061,2026-04-27,276.86,278.23,276.25,277.1,801245.0,276.95763
2026-04-27T23:26:58.279,2,1,IWM260428P00282500,IWM,2026-04-28,put,282.5,5.36,5.0,5.48,9.0,5.42,,,0.3746,-0.8089,0.05,-0.7183,0.0396,-0.0063,2026-04-27,276.86,278.23,276.25,277.1,801245.0,276.95763
2026-04-27T23:26:58.279,2,1,IWM260428P00283000,IWM,2026-04-28,put,283.0,5.93,7.0,6.02,12.0,5.975,6.14,1.0,0.4119,-0.8091,0.0455,-0.7915,0.0395,-0.0063,2026-04-27,276.86,278.23,276.25,277.1,801245.0,276.95763
2026-04-27T23:26:58.279,2,1,IWM260428P00284000,IWM,2026-04-28,put,284.0,6.82,13.0,7.0,13.0,6.91,7.32,1.0,0.4403,-0.834,0.039,-0.7735,0.0362,-0.0065,2026-04-27,276.86,278.23,276.25,277.1,801245.0,276.95763
2026-04-27T23:26:58.279,2,1,IWM260428P00285000,IWM,2026-04-28,put,285.0,7.79,18.0,7.86,16.0,7.825,8.07,7.0,0.4585,-0.8593,0.0335,-0.7197,0.0325,-0.0067,2026-04-27,276.86,278.23,276.25,277.1,801245.0,276.95763
2026-04-27T23:26:58.279,2,1,IWM260428P00286000,IWM,2026-04-28,put,286.0,8.72,8.0,9.03,15.0,8.875,9.08,1.0,0.5156,-0.861,0.0296,-0.805,0.0322,-0.0068,2026-04-27,276.86,278.23,276.25,277.1,801245.0,276.95763
2026-04-27T23:26:58.279,2,1,IWM260428P00287000,IWM,2026-04-28,put,287.0,10.03,1.0,10.11,14.0,10.07,9.9,2.0,0.6158,-0.8442,0.0267,-1.0456,0.0347,-0.0067,2026-04-27,276.86,278.23,276.25,277.1,801245.0,276.95763
2026-04-27T23:26:58.279,2,1,IWM260428P00288000,IWM,2026-04-28,put,288.0,10.76,11.0,11.07,13.0,10.915,11.2,1.0,0.6097,-0.871,0.0237,-0.907,0.0306,-0.0069,2026-04-27,276.86,278.23,276.25,277.1,801245.0,276.95763
2026-04-27T23:26:58.279,2,1,IWM260428P00289000,IWM,2026-04-28,put,289.0,11.63,15.0,11.79,13.0,11.71,12.26,2.0,0.5733,-0.9066,0.02,-0.6689,0.0242,-0.0072,2026-04-27,276.86,278.23,276.25,277.1,801245.0,276.95763
2026-04-27T23:26:58.279,2,1,IWM260428P00290000,IWM,2026-04-28,put,290.0,12.85,14.0,12.94,25.0,12.895,12.87,2.0,0.6813,-0.8855,0.0195,-0.9321,0.0281,-0.0071,2026-04-27,276.86,278.23,276.25,277.1,801245.0,276.95763
2026-04-27T23:26:58.279,2,1,IWM260428P00291000,IWM,2026-04-28,put,291.0,13.62,4.0,14.04,13.0,13.829999999999998,14.09,2.0,0.6948,-0.8986,0.0176,-0.8689,0.0258,-0.0072,2026-04-27,276.86,278.23,276.25,277.1,801245.0,276.95763
2026-04-27T23:26:58.279,2,1,IWM260428P00292000,IWM,2026-04-28,put,292.0,14.83,5.0,14.98,11.0,14.905000000000001,15.37,1.0,0.7605,-0.8937,0.0166,-0.9877,0.0267,-0.0072,2026-04-27,276.86,278.23,276.25,277.1,801245.0,276.95763
2026-04-27T23:26:58.279,2,1,IWM260428P00293000,IWM,2026-04-28,put,293.0,15.63,3.0,15.98,12.0,15.805,16.26,1.0,0.7571,-0.9096,0.0148,-0.8696,0.0237,-0.0074,2026-04-27,276.86,278.23,276.25,277.1,801245.0,276.95763
2026-04-27T23:26:58.279,2,1,IWM260428P00294000,IWM,2026-04-28,put,294.0,16.58,2.0,16.79,13.0,16.685,17.34,1.0,0.7365,-0.9286,0.0127,-0.7024,0.0198,-0.0075,2026-04-27,276.86,278.23,276.25,277.1,801245.0,276.95763
2026-04-27T23:26:58.279,2,1,IWM260428P00295000,IWM,2026-04-28,put,295.0,18.0,14.0,18.09,14.0,18.045,18.22,1.0,0.9238,-0.8906,0.014,-1.231,0.0272,-0.0073,2026-04-27,276.86,278.23,276.25,277.1,801245.0,276.95763
2026-04-27T23:26:58.279,2,1,IWM260428P00296000,IWM,2026-04-28,put,296.0,19.03,3.0,19.06,14.0,19.045,19.15,1.0,0.9605,-0.894,0.0131,-1.2514,0.0266,-0.0073,2026-04-27,276.86,278.23,276.25,277.1,801245.0,276.95763
2026-04-27T23:26:58.279,2,1,IWM260428P00297000,IWM,2026-04-28,put,297.0,19.73,12.0,19.82,13.0,19.775,20.48,3.0,0.8814,-0.9247,0.0111,-0.8819,0.0206,-0.0076,2026-04-27,276.86,278.23,276.25,277.1,801245.0,276.95763
2026-04-27T23:26:58.279,2,1,IWM260428P00298000,IWM,2026-04-28,put,298.0,21.25,4.0,21.34,10.0,21.295,21.41,1.0,1.1241,-0.8796,0.0123,-1.6114,0.0291,-0.0073,2026-04-27,276.86,278.23,276.25,277.1,801245.0,276.95763
2026-04-27T23:26:58.279,2,1,IWM260428P00299000,IWM,2026-04-28,put,299.0,22.11,13.0,22.2,12.0,22.155,21.84,1.0,1.1107,-0.8935,0.0114,-1.4557,0.0267,-0.0074,2026-04-27,276.86,278.23,276.25,277.1,801245.0,276.95763
2026-04-27T23:26:58.279,2,1,IWM260428P00300000,IWM,2026-04-28,put,300.0,22.82,2.0,22.98,11.0,22.9,23.22,1.0,1.0408,-0.9183,0.01,-1.1141,0.0219,-0.0076,2026-04-27,276.86,278.23,276.25,277.1,801245.0,276.95763
2026-04-27T23:26:58.279,2,1,IWM260428P00305000,IWM,2026-04-28,put,305.0,28.28,7.0,28.41,10.0,28.345,27.48,1.0,,,,,,,2026-04-27,276.86,278.23,276.25,277.1,801245.0,276.95763
2026-04-27T23:26:58.279,2,1,IWM260428P00310000,IWM,2026-04-28,put,310.0,32.82,1.0,32.95,10.0,32.885000000000005,35.03,1.0,,,,,,,2026-04-27,276.86,278.23,276.25,277.1,801245.0,276.95763
2026-04-27T23:26:58.279,2,1,IWM260428P00315000,IWM,2026-04-28,put,315.0,38.1,10.0,38.24,13.0,38.17,37.68,1.0,,,,,,,2026-04-27,276.86,278.23,276.25,277.1,801245.0,276.95763
2026-04-27T23:26:58.279,2,1,IWM260428P00320000,IWM,2026-04-28,put,320.0,43.68,1.0,43.77,1.0,43.725,,,,,,,,,2026-04-27,276.86,278.23,276.25,277.1,801245.0,276.95763
2026-04-27T23:26:58.279,2,2,IWM260429C00180000,IWM,2026-04-29,call,180.0,97.64,1.0,98.09,1.0,97.86500000000001,,,,,,,,,2026-04-27,276.86,278.23,276.25,277.1,801245.0,276.95763
2026-04-27T23:26:58.279,2,2,IWM260429C00190000,IWM,2026-04-29,call,190.0,88.34,1.0,88.46,1.0,88.4,,,,,,,,,2026-04-27,276.86,278.23,276.25,277.1,801245.0,276.95763
2026-04-27T23:26:58.279,2,2,IWM260429C00200000,IWM,2026-04-29,call,200.0,78.25,1.0,78.54,1.0,78.39500000000001,,,,,,,,,2026-04-27,276.86,278.23,276.25,277.1,801245.0,276.95763
2026-04-27T23:26:58.279,2,2,IWM260429C00205000,IWM,2026-04-29,call,205.0,72.28,3.0,73.62,1.0,72.95,,,,,,,,,2026-04-27,276.86,278.23,276.25,277.1,801245.0,276.95763
2026-04-27T23:26:58.279,2,2,IWM260429C00210000,IWM,2026-04-29,call,210.0,67.68,1.0,68.01,5.0,67.845,66.21,1.0,,,,,,,2026-04-27,276.86,278.23,276.25,277.1,801245.0,276.95763
2026-04-27T23:26:58.279,2,2,IWM260429C00215000,IWM,2026-04-29,call,215.0,63.2,1.0,63.35,8.0,63.275000000000006,62.99,1.0,,,,,,,2026-04-27,276.86,278.23,276.25,277.1,801245.0,276.95763
2026-04-27T23:26:58.279,2,2,IWM260429C00220000,IWM,2026-04-29,call,220.0,56.2,1.0,56.64,1.0,56.42,,,,,,,,,2026-04-27,276.86,278.23,276.25,277.1,801245.0,276.95763
2026-04-27T23:26:58.279,2,2,IWM260429C00225000,IWM,2026-04-29,call,225.0,51.54,2.0,53.2,2.0,52.370000000000005,51.25,4.0,,,,,,,2026-04-27,276.86,278.23,276.25,277.1,801245.0,276.95763
2026-04-27T23:26:58.279,2,2,IWM260429C00226000,IWM,2026-04-29,call,226.0,50.13,12.0,50.6,10.0,50.365,50.86,1.0,,,,,,,2026-04-27,276.86,278.23,276.25,277.1,801245.0,276.95763
2026-04-27T23:26:58.279,2,2,IWM260429C00227000,IWM,2026-04-29,call,227.0,49.51,3.0,51.15,1.0,50.33,50.85,1.0,,,,,,,2026-04-27,276.86,278.23,276.25,277.1,801245.0,276.95763
2026-04-27T23:26:58.279,2,2,IWM260429C00228000,IWM,2026-04-29,call,228.0,49.39,2.0,49.42,1.0,49.405,50.11,1.0,,,,,,,2026-04-27,276.86,278.23,276.25,277.1,801245.0,276.95763
2026-04-27T23:26:58.279,2,2,IWM260429C00229000,IWM,2026-04-29,call,229.0,48.43,1.0,48.69,1.0,48.56,48.37,1.0,,,,,,,2026-04-27,276.86,278.23,276.25,277.1,801245.0,276.95763
2026-04-27T23:26:58.279,2,2,IWM260429C00230000,IWM,2026-04-29,call,230.0,47.24,1.0,47.36,1.0,47.3,46.93,1.0,,,,,,,2026-04-27,276.86,278.23,276.25,277.1,801245.0,276.95763
2026-04-27T23:26:58.279,2,2,IWM260429C00231000,IWM,2026-04-29,call,231.0,45.28,4.0,46.74,1.0,46.010000000000005,46.97,1.0,,,,,,,2026-04-27,276.86,278.23,276.25,277.1,801245.0,276.95763
2026-04-27T23:26:58.279,2,2,IWM260429C00232000,IWM,2026-04-29,call,232.0,44.84,10.0,45.81,10.0,45.325,45.43,1.0,,,,,,,2026-04-27,276.86,278.23,276.25,277.1,801245.0,276.95763
2026-04-27T23:26:58.279,2,2,IWM260429C00233000,IWM,2026-04-29,call,233.0,43.66,3.0,43.78,1.0,43.72,44.36,1.0,,,,,,,2026-04-27,276.86,278.23,276.25,277.1,801245.0,276.95763
2026-04-27T23:26:58.279,2,2,IWM260429C00234000,IWM,2026-04-29,call,234.0,43.51,6.0,43.63,1.0,43.57,43.98,1.0,,,,,,,2026-04-27,276.86,278.23,276.25,277.1,801245.0,276.95763
2026-04-27T23:26:58.279,2,2,IWM260429C00235000,IWM,2026-04-29,call,235.0,42.23,1.0,42.81,1.0,42.519999999999996,39.11,1.0,,,,,,,2026-04-27,276.86,278.23,276.25,277.1,801245.0,276.95763
2026-04-27T23:26:58.279,2,2,IWM260429C00236000,IWM,2026-04-29,call,236.0,41.5,1.0,41.65,1.0,41.575,38.39,1.0,,,,,,,2026-04-27,276.86,278.23,276.25,277.1,801245.0,276.95763
2026-04-27T23:26:58.279,2,2,IWM260429C00237000,IWM,2026-04-29,call,237.0,40.68,4.0,40.81,1.0,40.745000000000005,39.26,1.0,,,,,,,2026-04-27,276.86,278.23,276.25,277.1,801245.0,276.95763
2026-04-27T23:26:58.279,2,2,IWM260429C00238000,IWM,2026-04-29,call,238.0,39.58,2.0,39.68,1.0,39.629999999999995,37.48,1.0,,,,,,,2026-04-27,276.86,278.23,276.25,277.1,801245.0,276.95763
2026-04-27T23:26:58.279,2,2,IWM260429C00239000,IWM,2026-04-29,call,239.0,37.93,4.0,38.58,1.0,38.254999999999995,35.62,1.0,,,,,,,2026-04-27,276.86,278.23,276.25,277.1,801245.0,276.95763
2026-04-27T23:26:58.279,2,2,IWM260429C00240000,IWM,2026-04-29,call,240.0,37.65,3.0,37.9,1.0,37.775,35.13,1.0,0.9275,0.9845,0.002,-0.2086,0.008,0.0129,2026-04-27,276.86,278.23,276.25,277.1,801245.0,276.95763
2026-04-27T23:26:58.279,2,2,IWM260429C00241000,IWM,2026-04-29,call,241.0,35.72,2.0,36.26,1.0,35.989999999999995,34.75,1.0,,,,,,,2026-04-27,276.86,278.23,276.25,277.1,801245.0,276.95763
2026-04-27T23:26:58.279,2,2,IWM260429C00242000,IWM,2026-04-29,call,242.0,34.37,7.0,34.99,8.0,34.68,33.89,1.0,,,,,,,2026-04-27,276.86,278.23,276.25,277.1,801245.0,276.95763
2026-04-27T23:26:58.279,2,2,IWM260429C00243000,IWM,2026-04-29,call,243.0,34.74,3.0,34.88,1.0,34.81,34.29,1.0,0.8958,0.9796,0.0027,-0.2505,0.0101,0.013,2026-04-27,276.86,278.23,276.25,277.1,801245.0,276.95763
2026-04-27T23:26:58.279,2,2,IWM260429C00244000,IWM,2026-04-29,call,244.0,33.2,4.0,33.48,4.0,33.34,31.98,1.0,,,,,,,2026-04-27,276.86,278.23,276.25,277.1,801245.0,276.95763
2026-04-27T23:26:58.279,2,2,IWM260429C00245000,IWM,2026-04-29,call,245.0,31.52,1.0,31.84,1.0,31.68,29.22,1.0,,,,,,,2026-04-27,276.86,278.23,276.25,277.1,801245.0,276.95763
2026-04-27T23:26:58.279,2,2,IWM260429C00246000,IWM,2026-04-29,call,246.0,31.15,11.0,31.28,1.0,31.215,31.5,1.0,,,,,,,2026-04-27,276.86,278.23,276.25,277.1,801245.0,276.95763
2026-04-27T23:26:58.279,2,2,IWM260429C00247000,IWM,2026-04-29,call,247.0,29.64,12.0,30.8,1.0,30.22,29.97,1.0,,,,,,,2026-04-27,276.86,278.23,276.25,277.1,801245.0,276.95763
2026-04-27T23:26:58.279,2,2,IWM260429C00248000,IWM,2026-04-29,call,248.0,28.6,7.0,28.97,1.0,28.785,28.36,1.0,,,,,,,2026-04-27,276.86,278.23,276.25,277.1,801245.0,276.95763
2026-04-27T23:26:58.279,2,2,IWM260429C00249000,IWM,2026-04-29,call,249.0,28.57,1.0,28.69,7.0,28.630000000000003,27.32,1.0,,,,,,,2026-04-27,276.86,278.23,276.25,277.1,801245.0,276.95763
2026-04-27T23:26:58.279,2,2,IWM260429C00250000,IWM,2026-04-29,call,250.0,27.23,10.0,27.33,3.0,27.28,27.36,4.0,,,,,,,2026-04-27,276.86,278.23,276.25,277.1,801245.0,276.95763
2026-04-27T23:26:58.279,2,2,IWM260429C00251000,IWM,2026-04-29,call,251.0,26.2,11.0,26.54,10.0,26.369999999999997,24.77,1.0,,,,,,,2026-04-27,276.86,278.23,276.25,277.1,801245.0,276.95763
2026-04-27T23:26:58.279,2,2,IWM260429C00252000,IWM,2026-04-29,call,252.0,24.87,10.0,25.66,7.0,25.265,24.38,1.0,,,,,,,2026-04-27,276.86,278.23,276.25,277.1,801245.0,276.95763
2026-04-27T23:26:58.279,2,2,IWM260429C00253000,IWM,2026-04-29,call,253.0,24.24,11.0,24.59,8.0,24.415,24.13,2.0,,,,,,,2026-04-27,276.86,278.23,276.25,277.1,801245.0,276.95763
2026-04-27T23:26:58.279,2,2,IWM260429C00254000,IWM,2026-04-29,call,254.0,23.29,11.0,23.39,10.0,23.34,23.33,1.0,,,,,,,2026-04-27,276.86,278.23,276.25,277.1,801245.0,276.95763
2026-04-27T23:26:58.279,2,2,IWM260429C00255000,IWM,2026-04-29,call,255.0,22.12,14.0,22.22,14.0,22.17,22.05,5.0,,,,,,,2026-04-27,276.86,278.23,276.25,277.1,801245.0,276.95763
2026-04-27T23:26:58.279,2,2,IWM260429C00256000,IWM,2026-04-29,call,256.0,21.21,10.0,21.32,9.0,21.265,21.66,1.0,,,,,,,2026-04-27,276.86,278.23,276.25,277.1,801245.0,276.95763
2026-04-27T23:26:58.279,2,2,IWM260429C00257000,IWM,2026-04-29,call,257.0,19.71,2.0,19.9,2.0,19.805,20.65,1.0,,,,,,,2026-04-27,276.86,278.23,276.25,277.1,801245.0,276.95763
2026-04-27T23:26:58.279,2,2,IWM260429C00258000,IWM,2026-04-29,call,258.0,19.39,11.0,19.49,12.0,19.439999999999998,19.55,1.0,,,,,,,2026-04-27,276.86,278.23,276.25,277.1,801245.0,276.95763
2026-04-27T23:26:58.279,2,2,IWM260429C00259000,IWM,2026-04-29,call,259.0,18.07,11.0,18.21,11.0,18.14,18.49,1.0,,,,,,,2026-04-27,276.86,278.23,276.25,277.1,801245.0,276.95763
2026-04-27T23:26:58.279,2,2,IWM260429C00260000,IWM,2026-04-29,call,260.0,17.32,11.0,17.41,9.0,17.365000000000002,16.65,10.0,,,,,,,2026-04-27,276.86,278.23,276.25,277.1,801245.0,276.95763
2026-04-27T23:26:58.279,2,2,IWM260429C00261000,IWM,2026-04-29,call,261.0,16.4,10.0,16.5,10.0,16.45,16.02,1.0,,,,,,,2026-04-27,276.86,278.23,276.25,277.1,801245.0,276.95763
2026-04-27T23:26:58.279,2,2,IWM260429C00262000,IWM,2026-04-29,call,262.0,15.14,11.0,15.24,11.0,15.190000000000001,15.4,1.0,,,,,,,2026-04-27,276.86,278.23,276.25,277.1,801245.0,276.95763
2026-04-27T23:26:58.279,2,2,IWM260429C00263000,IWM,2026-04-29,call,263.0,14.03,10.0,14.44,10.0,14.235,14.32,1.0,,,,,,,2026-04-27,276.86,278.23,276.25,277.1,801245.0,276.95763
2026-04-27T23:26:58.279,2,2,IWM260429C00264000,IWM,2026-04-29,call,264.0,12.98,11.0,13.32,10.0,13.15,12.66,3.0,,,,,,,2026-04-27,276.86,278.23,276.25,277.1,801245.0,276.95763
2026-04-27T23:26:58.279,2,2,IWM260429C00265000,IWM,2026-04-29,call,265.0,11.94,18.0,12.04,15.0,11.989999999999998,12.23,1.0,,,,,,,2026-04-27,276.86,278.23,276.25,277.1,801245.0,276.95763
2026-04-27T23:26:58.279,2,2,IWM260429C00266000,IWM,2026-04-29,call,266.0,11.24,10.0,11.34,9.0,11.29,11.02,3.0,,,,,,,2026-04-27,276.86,278.23,276.25,277.1,801245.0,276.95763
2026-04-27T23:26:58.279,2,2,IWM260429C00267000,IWM,2026-04-29,call,267.0,10.14,13.0,10.24,8.0,10.190000000000001,10.33,1.0,,,,,,,2026-04-27,276.86,278.23,276.25,277.1,801245.0,276.95763
2026-04-27T23:26:58.279,2,2,IWM260429C00268000,IWM,2026-04-29,call,268.0,9.18,16.0,9.25,13.0,9.215,8.86,1.0,,,,,,,2026-04-27,276.86,278.23,276.25,277.1,801245.0,276.95763
2026-04-27T23:26:58.279,2,2,IWM260429C00269000,IWM,2026-04-29,call,269.0,8.35,10.0,8.45,9.0,8.399999999999999,8.26,3.0,,,,,,,2026-04-27,276.86,278.23,276.25,277.1,801245.0,276.95763
2026-04-27T23:26:58.279,2,2,IWM260429C00270000,IWM,2026-04-29,call,270.0,7.4,1.0,7.49,12.0,7.445,7.2,1.0,,,,,,,2026-04-27,276.86,278.23,276.25,277.1,801245.0,276.95763
2026-04-27T23:26:58.279,2,2,IWM260429C00271000,IWM,2026-04-29,call,271.0,6.46,18.0,6.54,13.0,6.5,6.29,1.0,,,,,,,2026-04-27,276.86,278.23,276.25,277.1,801245.0,276.95763
2026-04-27T23:26:58.279,2,2,IWM260429C00272000,IWM,2026-04-29,call,272.0,5.62,15.0,5.65,7.0,5.635,5.52,22.0,,,,,,,2026-04-27,276.86,278.23,276.25,277.1,801245.0,276.95763
2026-04-27T23:26:58.279,2,2,IWM260429C00273000,IWM,2026-04-29,call,273.0,4.64,19.0,4.82,4.0,4.73,4.41,1.0,0.1377,0.9527,0.0349,-0.0956,0.0203,0.0142,2026-04-27,276.86,278.23,276.25,277.1,801245.0,276.95763
2026-04-27T23:26:58.279,2,2,IWM260429C00274000,IWM,2026-04-29,call,274.0,3.83,17.0,3.92,18.0,3.875,3.85,2.0,0.157,0.8754,0.0637,-0.1895,0.0422,0.0131,2026-04-27,276.86,278.23,276.25,277.1,801245.0,276.95763
2026-04-27T23:26:58.279,2,2,IWM260429C00275000,IWM,2026-04-29,call,275.0,3.13,27.0,3.23,28.0,3.1799999999999997,3.13,1.0,0.1804,0.7678,0.0823,-0.3038,0.0627,0.0115,2026-04-27,276.86,278.23,276.25,277.1,801245.0,276.95763
2026-04-27T23:26:58.279,2,2,IWM260429C00276000,IWM,2026-04-29,call,276.0,2.51,43.0,2.54,28.0,2.525,2.47,2.0,0.1891,0.6698,0.0932,-0.3701,0.0744,0.0101,2026-04-27,276.86,278.23,276.25,277.1,801245.0,276.95763
2026-04-27T23:26:58.279,2,2,IWM260429C00277000,IWM,2026-04-29,call,277.0,1.86,20.0,1.94,15.0,1.9,1.82,2.0,0.1879,0.5722,0.1016,-0.3945,0.0806,0.0086,2026-04-27,276.86,278.23,276.25,277.1,801245.0,276.95763
2026-04-27T23:26:58.279,2,2,IWM260429C00278000,IWM,2026-04-29,call,278.0,1.34,30.0,1.41,30.0,1.375,1.32,1.0,0.1867,0.4691,0.1036,-0.3944,0.0817,0.0071,2026-04-27,276.86,278.23,276.25,277.1,801245.0,276.95763
2026-04-27T23:26:58.279,2,2,IWM260429C00279000,IWM,2026-04-29,call,279.0,0.97,36.0,0.99,5.0,0.98,0.92,1.0,0.189,0.3695,0.0972,-0.3766,0.0776,0.0056,2026-04-27,276.86,278.23,276.25,277.1,801245.0,276.95763
2026-04-27T23:26:58.279,2,2,IWM260429C00280000,IWM,2026-04-29,call,280.0,0.62,353.0,0.63,41.0,0.625,0.59,1.0,0.1836,0.272,0.088,-0.3204,0.0682,0.0041,2026-04-27,276.86,278.23,276.25,277.1,801245.0,276.95763
2026-04-27T23:26:58.279,2,2,IWM260429C00281000,IWM,2026-04-29,call,281.0,0.39,86.0,0.45,125.0,0.42000000000000004,0.37,1.0,0.1874,0.1974,0.0721,-0.2728,0.0571,0.003,2026-04-27,276.86,278.23,276.25,277.1,801245.0,276.95763
2026-04-27T23:26:58.279,2,2,IWM260429C00282000,IWM,2026-04-29,call,282.0,0.23,233.0,0.25,279.0,0.24,0.25,1.0,0.1831,0.1285,0.0558,-0.2009,0.0431,0.0019,2026-04-27,276.86,278.23,276.25,277.1,801245.0,276.95763
2026-04-27T23:26:58.279,2,2,IWM260429C00282500,IWM,2026-04-29,call,282.5,0.22,132.0,0.23,109.0,0.225,0.2,1.0,0.1938,0.1163,0.0491,-0.198,0.0402,0.0018,2026-04-27,276.86,278.23,276.25,277.1,801245.0,276.95763
2026-04-27T23:26:58.279,2,2,IWM260429C00283000,IWM,2026-04-29,call,283.0,0.13,579.0,0.19,235.0,0.16,0.15,1.0,0.1897,0.0892,0.0414,-0.1597,0.0332,0.0013,2026-04-27,276.86,278.23,276.25,277.1,801245.0,276.95763
2026-04-27T23:26:58.279,2,2,IWM260429C00284000,IWM,2026-04-29,call,284.0,0.11,288.0,0.12,107.0,0.11499999999999999,0.09,1.0,0.1996,0.0646,0.0308,-0.1313,0.0259,0.001,2026-04-27,276.86,278.23,276.25,277.1,801245.0,276.95763
2026-04-27T23:26:58.279,2,2,IWM260429C00285000,IWM,2026-04-29,call,285.0,0.03,290.0,0.08,155.0,0.055,0.07,1.0,0.1935,0.0351,0.0195,-0.078,0.0159,0.0005,2026-04-27,276.86,278.23,276.25,277.1,801245.0,276.95763
2026-04-27T23:26:58.279,2,2,IWM260429C00286000,IWM,2026-04-29,call,286.0,0.01,212.0,0.02,413.0,0.015,0.05,5.0,0.1763,0.012,0.0086,-0.0287,0.0064,0.0002,2026-04-27,276.86,278.23,276.25,277.1,801245.0,276.95763
2026-04-27T23:26:58.279,2,2,IWM260429C00287000,IWM,2026-04-29,call,287.0,0.01,101.0,0.02,553.0,0.015,0.03,1.0,0.1943,0.011,0.0073,-0.0293,0.006,0.0002,2026-04-27,276.86,278.23,276.25,277.1,801245.0,276.95763
2026-04-27T23:26:58.279,2,2,IWM260429C00287500,IWM,2026-04-29,call,287.5,0.03,522.0,0.04,121.0,0.035,0.09,6.0,0.2286,0.0204,0.0105,-0.0583,0.0101,0.0003,2026-04-27,276.86,278.23,276.25,277.1,801245.0,276.95763
2026-04-27T23:26:58.279,2,2,IWM260429C00288000,IWM,2026-04-29,call,288.0,0.01,352.0,0.02,409.0,0.015,0.03,14.0,0.2119,0.0102,0.0062,-0.0298,0.0056,0.0002,2026-04-27,276.86,278.23,276.25,277.1,801245.0,276.95763
2026-04-27T23:26:58.279,2,2,IWM260429C00289000,IWM,2026-04-29,call,289.0,0.0,0.0,0.04,261.0,0.02,0.02,10.0,,,,,,,2026-04-27,276.86,278.23,276.25,277.1,801245.0,276.95763
2026-04-27T23:26:58.279,2,2,IWM260429C00290000,IWM,2026-04-29,call,290.0,0.0,0.0,0.04,208.0,0.02,0.02,10.0,,,,,,,2026-04-27,276.86,278.23,276.25,277.1,801245.0,276.95763
2026-04-27T23:26:58.279,2,2,IWM260429C00291000,IWM,2026-04-29,call,291.0,0.0,0.0,0.03,104.0,0.015,0.06,2.0,,,,,,,2026-04-27,276.86,278.23,276.25,277.1,801245.0,276.95763
2026-04-27T23:26:58.279,2,2,IWM260429C00292000,IWM,2026-04-29,call,292.0,0.0,0.0,0.01,225.0,0.005,0.14,7.0,,,,,,,2026-04-27,276.86,278.23,276.25,277.1,801245.0,276.95763
2026-04-27T23:26:58.279,2,2,IWM260429C00293000,IWM,2026-04-29,call,293.0,0.0,0.0,0.03,118.0,0.015,0.12,5.0,,,,,,,2026-04-27,276.86,278.23,276.25,277.1,801245.0,276.95763
2026-04-27T23:26:58.279,2,2,IWM260429C00294000,IWM,2026-04-29,call,294.0,0.0,0.0,0.03,190.0,0.015,0.1,6.0,,,,,,,2026-04-27,276.86,278.23,276.25,277.1,801245.0,276.95763
2026-04-27T23:26:58.279,2,2,IWM260429C00295000,IWM,2026-04-29,call,295.0,0.0,0.0,0.01,192.0,0.005,0.03,1.0,,,,,,,2026-04-27,276.86,278.23,276.25,277.1,801245.0,276.95763
2026-04-27T23:26:58.279,2,2,IWM260429C00296000,IWM,2026-04-29,call,296.0,0.0,0.0,0.01,188.0,0.005,,,,,,,,,2026-04-27,276.86,278.23,276.25,277.1,801245.0,276.95763
2026-04-27T23:26:58.279,2,2,IWM260429C00297000,IWM,2026-04-29,call,297.0,0.0,0.0,0.03,141.0,0.015,,,,,,,,,2026-04-27,276.86,278.23,276.25,277.1,801245.0,276.95763
2026-04-27T23:26:58.279,2,2,IWM260429C00298000,IWM,2026-04-29,call,298.0,0.0,0.0,0.01,114.0,0.005,0.04,1.0,,,,,,,2026-04-27,276.86,278.23,276.25,277.1,801245.0,276.95763
2026-04-27T23:26:58.279,2,2,IWM260429C00299000,IWM,2026-04-29,call,299.0,0.0,0.0,0.03,271.0,0.015,,,,,,,,,2026-04-27,276.86,278.23,276.25,277.1,801245.0,276.95763
2026-04-27T23:26:58.279,2,2,IWM260429C00300000,IWM,2026-04-29,call,300.0,0.0,0.0,0.03,197.0,0.015,0.08,1.0,,,,,,,2026-04-27,276.86,278.23,276.25,277.1,801245.0,276.95763
2026-04-27T23:26:58.279,2,2,IWM260429C00305000,IWM,2026-04-29,call,305.0,0.0,0.0,0.01,193.0,0.005,0.03,10.0,,,,,,,2026-04-27,276.86,278.23,276.25,277.1,801245.0,276.95763
2026-04-27T23:26:58.279,2,2,IWM260429C00310000,IWM,2026-04-29,call,310.0,0.0,0.0,0.01,139.0,0.005,,,,,,,,,2026-04-27,276.86,278.23,276.25,277.1,801245.0,276.95763
2026-04-27T23:26:58.279,2,2,IWM260429C00315000,IWM,2026-04-29,call,315.0,0.0,0.0,0.03,139.0,0.015,,,,,,,,,2026-04-27,276.86,278.23,276.25,277.1,801245.0,276.95763
2026-04-27T23:26:58.279,2,2,IWM260429C00320000,IWM,2026-04-29,call,320.0,0.0,0.0,0.03,144.0,0.015,,,,,,,,,2026-04-27,276.86,278.23,276.25,277.1,801245.0,276.95763
2026-04-27T23:26:58.279,2,2,IWM260429P00180000,IWM,2026-04-29,put,180.0,0.0,0.0,0.01,107.0,0.005,,,,,,,,,2026-04-27,276.86,278.23,276.25,277.1,801245.0,276.95763
2026-04-27T23:26:58.279,2,2,IWM260429P00190000,IWM,2026-04-29,put,190.0,0.0,0.0,0.03,106.0,0.015,,,,,,,,,2026-04-27,276.86,278.23,276.25,277.1,801245.0,276.95763
2026-04-27T23:26:58.279,2,2,IWM260429P00200000,IWM,2026-04-29,put,200.0,0.0,0.0,0.03,106.0,0.015,,,,,,,,,2026-04-27,276.86,278.23,276.25,277.1,801245.0,276.95763
2026-04-27T23:26:58.279,2,2,IWM260429P00205000,IWM,2026-04-29,put,205.0,0.0,0.0,0.01,106.0,0.005,,,,,,,,,2026-04-27,276.86,278.23,276.25,277.1,801245.0,276.95763
2026-04-27T23:26:58.279,2,2,IWM260429P00210000,IWM,2026-04-29,put,210.0,0.0,0.0,0.03,106.0,0.015,,,,,,,,,2026-04-27,276.86,278.23,276.25,277.1,801245.0,276.95763
2026-04-27T23:26:58.279,2,2,IWM260429P00215000,IWM,2026-04-29,put,215.0,0.0,0.0,0.03,149.0,0.015,,,,,,,,,2026-04-27,276.86,278.23,276.25,277.1,801245.0,276.95763
2026-04-27T23:26:58.279,2,2,IWM260429P00220000,IWM,2026-04-29,put,220.0,0.0,0.0,0.01,119.0,0.005,0.01,1.0,,,,,,,2026-04-27,276.86,278.23,276.25,277.1,801245.0,276.95763
2026-04-27T23:26:58.279,2,2,IWM260429P00225000,IWM,2026-04-29,put,225.0,0.0,0.0,0.03,107.0,0.015,0.07,3.0,,,,,,,2026-04-27,276.86,278.23,276.25,277.1,801245.0,276.95763
2026-04-27T23:26:58.279,2,2,IWM260429P00226000,IWM,2026-04-29,put,226.0,0.0,0.0,0.03,107.0,0.015,0.01,2.0,,,,,,,2026-04-27,276.86,278.23,276.25,277.1,801245.0,276.95763
2026-04-27T23:26:58.279,2,2,IWM260429P00227000,IWM,2026-04-29,put,227.0,0.0,0.0,0.03,107.0,0.015,0.01,1.0,,,,,,,2026-04-27,276.86,278.23,276.25,277.1,801245.0,276.95763
2026-04-27T23:26:58.279,2,2,IWM260429P00228000,IWM,2026-04-29,put,228.0,0.0,0.0,0.01,107.0,0.005,0.05,2.0,,,,,,,2026-04-27,276.86,278.23,276.25,277.1,801245.0,276.95763
2026-04-27T23:26:58.279,2,2,IWM260429P00229000,IWM,2026-04-29,put,229.0,0.0,0.0,0.01,148.0,0.005,0.01,2.0,,,,,,,2026-04-27,276.86,278.23,276.25,277.1,801245.0,276.95763
2026-04-27T23:26:58.279,2,2,IWM260429P00230000,IWM,2026-04-29,put,230.0,0.0,0.0,0.01,107.0,0.005,0.01,2.0,,,,,,,2026-04-27,276.86,278.23,276.25,277.1,801245.0,276.95763
2026-04-27T23:26:58.279,2,2,IWM260429P00231000,IWM,2026-04-29,put,231.0,0.0,0.0,0.03,154.0,0.015,0.01,2.0,,,,,,,2026-04-27,276.86,278.23,276.25,277.1,801245.0,276.95763
2026-04-27T23:26:58.279,2,2,IWM260429P00232000,IWM,2026-04-29,put,232.0,0.0,0.0,0.03,255.0,0.015,0.01,2.0,,,,,,,2026-04-27,276.86,278.23,276.25,277.1,801245.0,276.95763
2026-04-27T23:26:58.279,2,2,IWM260429P00233000,IWM,2026-04-29,put,233.0,0.0,0.0,0.03,255.0,0.015,0.01,2.0,,,,,,,2026-04-27,276.86,278.23,276.25,277.1,801245.0,276.95763
2026-04-27T23:26:58.279,2,2,IWM260429P00234000,IWM,2026-04-29,put,234.0,0.0,0.0,0.01,147.0,0.005,0.04,2.0,,,,,,,2026-04-27,276.86,278.23,276.25,277.1,801245.0,276.95763
2026-04-27T23:26:58.279,2,2,IWM260429P00235000,IWM,2026-04-29,put,235.0,0.0,0.0,0.03,148.0,0.015,0.04,2.0,,,,,,,2026-04-27,276.86,278.23,276.25,277.1,801245.0,276.95763
2026-04-27T23:26:58.279,2,2,IWM260429P00236000,IWM,2026-04-29,put,236.0,0.0,0.0,0.01,152.0,0.005,0.03,2.0,,,,,,,2026-04-27,276.86,278.23,276.25,277.1,801245.0,276.95763
2026-04-27T23:26:58.279,2,2,IWM260429P00237000,IWM,2026-04-29,put,237.0,0.0,0.0,0.03,151.0,0.015,0.03,2.0,,,,,,,2026-04-27,276.86,278.23,276.25,277.1,801245.0,276.95763
2026-04-27T23:26:58.279,2,2,IWM260429P00238000,IWM,2026-04-29,put,238.0,0.0,0.0,0.01,149.0,0.005,0.03,1.0,,,,,,,2026-04-27,276.86,278.23,276.25,277.1,801245.0,276.95763
2026-04-27T23:26:58.279,2,2,IWM260429P00239000,IWM,2026-04-29,put,239.0,0.0,0.0,0.03,236.0,0.015,0.02,2.0,,,,,,,2026-04-27,276.86,278.23,276.25,277.1,801245.0,276.95763
2026-04-27T23:26:58.279,2,2,IWM260429P00240000,IWM,2026-04-29,put,240.0,0.0,0.0,0.03,182.0,0.015,0.05,2.0,,,,,,,2026-04-27,276.86,278.23,276.25,277.1,801245.0,276.95763
2026-04-27T23:26:58.279,2,2,IWM260429P00241000,IWM,2026-04-29,put,241.0,0.0,0.0,0.01,184.0,0.005,0.02,2.0,,,,,,,2026-04-27,276.86,278.23,276.25,277.1,801245.0,276.95763
2026-04-27T23:26:58.279,2,2,IWM260429P00242000,IWM,2026-04-29,put,242.0,0.0,0.0,0.01,185.0,0.005,0.03,2.0,,,,,,,2026-04-27,276.86,278.23,276.25,277.1,801245.0,276.95763
2026-04-27T23:26:58.279,2,2,IWM260429P00243000,IWM,2026-04-29,put,243.0,0.0,0.0,0.01,189.0,0.005,0.03,2.0,,,,,,,2026-04-27,276.86,278.23,276.25,277.1,801245.0,276.95763
2026-04-27T23:26:58.279,2,2,IWM260429P00244000,IWM,2026-04-29,put,244.0,0.0,0.0,0.03,183.0,0.015,0.07,2.0,,,,,,,2026-04-27,276.86,278.23,276.25,277.1,801245.0,276.95763
2026-04-27T23:26:58.279,2,2,IWM260429P00245000,IWM,2026-04-29,put,245.0,0.0,0.0,0.03,186.0,0.015,0.02,3.0,,,,,,,2026-04-27,276.86,278.23,276.25,277.1,801245.0,276.95763
2026-04-27T23:26:58.279,2,2,IWM260429P00246000,IWM,2026-04-29,put,246.0,0.0,0.0,0.01,196.0,0.005,0.05,1.0,,,,,,,2026-04-27,276.86,278.23,276.25,277.1,801245.0,276.95763
2026-04-27T23:26:58.279,2,2,IWM260429P00247000,IWM,2026-04-29,put,247.0,0.0,0.0,0.03,241.0,0.015,0.08,2.0,,,,,,,2026-04-27,276.86,278.23,276.25,277.1,801245.0,276.95763
2026-04-27T23:26:58.279,2,2,IWM260429P00248000,IWM,2026-04-29,put,248.0,0.0,0.0,0.01,213.0,0.005,0.05,2.0,,,,,,,2026-04-27,276.86,278.23,276.25,277.1,801245.0,276.95763
2026-04-27T23:26:58.279,2,2,IWM260429P00249000,IWM,2026-04-29,put,249.0,0.0,0.0,0.01,199.0,0.005,0.03,1.0,,,,,,,2026-04-27,276.86,278.23,276.25,277.1,801245.0,276.95763
2026-04-27T23:26:58.279,2,2,IWM260429P00250000,IWM,2026-04-29,put,250.0,0.0,0.0,0.01,39.0,0.005,0.01,10.0,,,,,,,2026-04-27,276.86,278.23,276.25,277.1,801245.0,276.95763
2026-04-27T23:26:58.279,2,2,IWM260429P00251000,IWM,2026-04-29,put,251.0,0.0,0.0,0.01,204.0,0.005,0.09,3.0,,,,,,,2026-04-27,276.86,278.23,276.25,277.1,801245.0,276.95763
2026-04-27T23:26:58.279,2,2,IWM260429P00252000,IWM,2026-04-29,put,252.0,0.0,0.0,0.03,129.0,0.015,0.05,3.0,,,,,,,2026-04-27,276.86,278.23,276.25,277.1,801245.0,276.95763
2026-04-27T23:26:58.279,2,2,IWM260429P00253000,IWM,2026-04-29,put,253.0,0.0,0.0,0.01,6.0,0.005,0.04,2.0,,,,,,,2026-04-27,276.86,278.23,276.25,277.1,801245.0,276.95763
2026-04-27T23:26:58.279,2,2,IWM260429P00254000,IWM,2026-04-29,put,254.0,0.0,0.0,0.01,104.0,0.005,0.04,1.0,,,,,,,2026-04-27,276.86,278.23,276.25,277.1,801245.0,276.95763
2026-04-27T23:26:58.279,2,2,IWM260429P00255000,IWM,2026-04-29,put,255.0,0.0,0.0,0.03,104.0,0.015,0.01,1.0,,,,,,,2026-04-27,276.86,278.23,276.25,277.1,801245.0,276.95763
2026-04-27T23:26:58.279,2,2,IWM260429P00256000,IWM,2026-04-29,put,256.0,0.0,0.0,0.04,178.0,0.02,0.01,1.0,,,,,,,2026-04-27,276.86,278.23,276.25,277.1,801245.0,276.95763
2026-04-27T23:26:58.279,2,2,IWM260429P00257000,IWM,2026-04-29,put,257.0,0.0,0.0,0.01,248.0,0.005,0.01,1.0,,,,,,,2026-04-27,276.86,278.23,276.25,277.1,801245.0,276.95763
2026-04-27T23:26:58.279,2,2,IWM260429P00258000,IWM,2026-04-29,put,258.0,0.0,0.0,0.04,238.0,0.02,0.01,11.0,,,,,,,2026-04-27,276.86,278.23,276.25,277.1,801245.0,276.95763
2026-04-27T23:26:58.279,2,2,IWM260429P00259000,IWM,2026-04-29,put,259.0,0.03,184.0,0.04,430.0,0.035,0.03,3.0,0.4178,-0.0117,0.0036,-0.0653,0.0063,-0.0002,2026-04-27,276.86,278.23,276.25,277.1,801245.0,276.95763
2026-04-27T23:26:58.279,2,2,IWM260429P00260000,IWM,2026-04-29,put,260.0,0.01,418.0,0.04,370.0,0.025,0.04,3.0,0.3805,-0.0094,0.0032,-0.0492,0.0052,-0.0001,2026-04-27,276.86,278.23,276.25,277.1,801245.0,276.95763
2026-04-27T23:26:58.279,2,2,IWM260429P00261000,IWM,2026-04-29,put,261.0,0.01,5.0,0.02,450.0,0.015,0.03,5.0,0.3392,-0.0066,0.0026,-0.032,0.0038,-0.0001,2026-04-27,276.86,278.23,276.25,277.1,801245.0,276.95763
2026-04-27T23:26:58.279,2,2,IWM260429P00262000,IWM,2026-04-29,put,262.0,0.01,546.0,0.05,532.0,0.030000000000000002,0.04,1.0,0.3497,-0.012,0.0043,-0.0557,0.0064,-0.0002,2026-04-27,276.86,278.23,276.25,277.1,801245.0,276.95763
2026-04-27T23:26:58.279,2,2,IWM260429P00263000,IWM,2026-04-29,put,263.0,0.04,217.0,0.05,48.0,0.045,0.02,2.0,0.3491,-0.0172,0.006,-0.0761,0.0088,-0.0003,2026-04-27,276.86,278.23,276.25,277.1,801245.0,276.95763
2026-04-27T23:26:58.279,2,2,IWM260429P00264000,IWM,2026-04-29,put,264.0,0.05,369.0,0.06,326.0,0.055,0.05,12.0,0.3383,-0.0212,0.0073,-0.0878,0.0105,-0.0003,2026-04-27,276.86,278.23,276.25,277.1,801245.0,276.95763
2026-04-27T23:26:58.279,2,2,IWM260429P00265000,IWM,2026-04-29,put,265.0,0.06,327.0,0.07,158.0,0.065,0.04,2.0,0.3253,-0.0255,0.0089,-0.0985,0.0122,-0.0004,2026-04-27,276.86,278.23,276.25,277.1,801245.0,276.95763
2026-04-27T23:26:58.279,2,2,IWM260429P00266000,IWM,2026-04-29,put,266.0,0.08,331.0,0.09,251.0,0.08499999999999999,0.07,200.0,0.3175,-0.0329,0.0113,-0.1189,0.0151,-0.0005,2026-04-27,276.86,278.23,276.25,277.1,801245.0,276.95763
2026-04-27T23:26:58.279,2,2,IWM260429P00267000,IWM,2026-04-29,put,267.0,0.1,261.0,0.12,305.0,0.11,0.1,5.0,0.309,-0.0422,0.0142,-0.1417,0.0185,-0.0006,2026-04-27,276.86,278.23,276.25,277.1,801245.0,276.95763
2026-04-27T23:26:58.279,2,2,IWM260429P00268000,IWM,2026-04-29,put,268.0,0.14,21.0,0.15,134.0,0.14500000000000002,0.11,2.0,0.3014,-0.0547,0.0179,-0.1701,0.0228,-0.0008,2026-04-27,276.86,278.23,276.25,277.1,801245.0,276.95763
2026-04-27T23:26:58.279,2,2,IWM260429P00269000,IWM,2026-04-29,put,269.0,0.18,124.0,0.2,137.0,0.19,0.16,1.0,0.2935,-0.0705,0.0224,-0.2016,0.0278,-0.0011,2026-04-27,276.86,278.23,276.25,277.1,801245.0,276.95763
2026-04-27T23:26:58.279,2,2,IWM260429P00270000,IWM,2026-04-29,put,270.0,0.24,134.0,0.26,185.0,0.25,0.21,2.0,0.2858,-0.0909,0.0278,-0.2376,0.0336,-0.0014,2026-04-27,276.86,278.23,276.25,277.1,801245.0,276.95763
2026-04-27T23:26:58.279,2,2,IWM260429P00271000,IWM,2026-04-29,put,271.0,0.29,32.0,0.31,126.0,0.3,0.32,125.0,0.2709,-0.1105,0.0339,-0.2595,0.0388,-0.0017,2026-04-27,276.86,278.23,276.25,277.1,801245.0,276.95763
2026-04-27T23:26:58.279,2,2,IWM260429P00272000,IWM,2026-04-29,put,272.0,0.45,11.0,0.46,161.0,0.455,0.44,3.0,0.2753,-0.1531,0.0418,-0.33,0.0486,-0.0024,2026-04-27,276.86,278.23,276.25,277.1,801245.0,276.95763
2026-04-27T23:26:58.279,2,2,IWM260429P00273000,IWM,2026-04-29,put,273.0,0.55,75.0,0.58,180.0,0.565,0.58,7.0,0.2628,-0.1887,0.05,-0.3596,0.0555,-0.0029,2026-04-27,276.86,278.23,276.25,277.1,801245.0,276.95763
2026-04-27T23:26:58.279,2,2,IWM260429P00274000,IWM,2026-04-29,put,274.0,0.75,1.0,0.77,285.0,0.76,0.77,1.0,0.2587,-0.2403,0.0585,-0.4068,0.0639,-0.0037,2026-04-27,276.86,278.23,276.25,277.1,801245.0,276.95763
2026-04-27T23:26:58.279,2,2,IWM260429P00275000,IWM,2026-04-29,put,275.0,1.0,23.0,1.07,2.0,1.0350000000000001,1.03,18.0,0.2584,-0.303,0.0658,-0.4551,0.0718,-0.0047,2026-04-27,276.86,278.23,276.25,277.1,801245.0,276.95763
2026-04-27T23:26:58.279,2,2,IWM260429P00276000,IWM,2026-04-29,put,276.0,1.31,57.0,1.39,71.0,1.35,1.38,3.0,0.2546,-0.3705,0.0722,-0.4837,0.0776,-0.0057,2026-04-27,276.86,278.23,276.25,277.1,801245.0,276.95763
2026-04-27T23:26:58.279,2,2,IWM260429P00277000,IWM,2026-04-29,put,277.0,1.71,31.0,1.79,31.0,1.75,1.77,1.0,0.2528,-0.4445,0.076,-0.5007,0.0812,-0.0069,2026-04-27,276.86,278.23,276.25,277.1,801245.0,276.95763
2026-04-27T23:26:58.279,2,2,IWM260429P00278000,IWM,2026-04-29,put,278.0,2.24,32.0,2.29,40.0,2.265,2.26,2.0,0.2558,-0.5208,0.0758,-0.509,0.0819,-0.008,2026-04-27,276.86,278.23,276.25,277.1,801245.0,276.95763
2026-04-27T23:26:58.279,2,2,IWM260429P00279000,IWM,2026-04-29,put,279.0,2.75,17.0,2.83,26.0,2.79,3.01,1.0,0.2507,-0.5976,0.0751,-0.4816,0.0795,-0.0092,2026-04-27,276.86,278.23,276.25,277.1,801245.0,276.95763
2026-04-27T23:26:58.279,2,2,IWM260429P00280000,IWM,2026-04-29,put,280.0,3.45,5.0,3.58,12.0,3.515,3.62,3.0,0.262,-0.6629,0.0678,-0.4728,0.0751,-0.0103,2026-04-27,276.86,278.23,276.25,277.1,801245.0,276.95763
2026-04-27T23:26:58.279,2,2,IWM260429P00281000,IWM,2026-04-29,put,281.0,4.28,26.0,4.41,27.0,4.345000000000001,4.3,13.0,0.2804,-0.7133,0.0591,-0.4704,0.07,-0.0111,2026-04-27,276.86,278.23,276.25,277.1,801245.0,276.95763
2026-04-27T23:26:58.279,2,2,IWM260429P00282000,IWM,2026-04-29,put,282.0,5.03,6.0,5.15,31.0,5.09,5.15,2.0,0.28,-0.7689,0.0529,-0.4161,0.0626,-0.012,2026-04-27,276.86,278.23,276.25,277.1,801245.0,276.95763
2026-04-27T23:26:58.279,2,2,IWM260429P00282500,IWM,2026-04-29,put,282.5,5.55,11.0,5.66,13.0,5.605,5.71,2.0,0.3002,-0.7776,0.0483,-0.4375,0.0612,-0.0121,2026-04-27,276.86,278.23,276.25,277.1,801245.0,276.95763
2026-04-27T23:26:58.279,2,2,IWM260429P00283000,IWM,2026-04-29,put,283.0,5.96,13.0,6.14,11.0,6.05,6.43,1.0,0.3084,-0.7941,0.045,-0.4287,0.0585,-0.0124,2026-04-27,276.86,278.23,276.25,277.1,801245.0,276.95763
2026-04-27T23:26:58.279,2,2,IWM260429P00284000,IWM,2026-04-29,put,284.0,6.89,9.0,7.15,10.0,7.02,7.03,2.0,0.3364,-0.8138,0.0388,-0.44,0.0551,-0.0128,2026-04-27,276.86,278.23,276.25,277.1,801245.0,276.95763
2026-04-27T23:26:58.279,2,2,IWM260429P00285000,IWM,2026-04-29,put,285.0,7.82,9.0,8.119,9.0,7.9695,8.44,1.0,0.3588,-0.8332,0.0339,-0.437,0.0514,-0.0131,2026-04-27,276.86,278.23,276.25,277.1,801245.0,276.95763
2026-04-27T23:26:58.279,2,2,IWM260429P00286000,IWM,2026-04-29,put,286.0,8.79,11.0,9.07,1.0,8.93,9.27,1.0,0.3815,-0.8489,0.0299,-0.4349,0.0481,-0.0134,2026-04-27,276.86,278.23,276.25,277.1,801245.0,276.95763
2026-04-27T23:26:58.279,2,2,IWM260429P00287000,IWM,2026-04-29,put,287.0,9.97,1.0,10.05,11.0,10.010000000000002,10.0,5.0,0.4281,-0.8476,0.0268,-0.4938,0.0484,-0.0134,2026-04-27,276.86,278.23,276.25,277.1,801245.0,276.95763
2026-04-27T23:26:58.279,2,2,IWM260429P00287500,IWM,2026-04-29,put,287.5,10.29,15.0,10.5,14.0,10.395,10.37,2.0,0.418,-0.8661,0.0251,-0.4387,0.0444,-0.0137,2026-04-27,276.86,278.23,276.25,277.1,801245.0,276.95763
2026-04-27T23:26:58.279,2,2,IWM260429P00288000,IWM,2026-04-29,put,288.0,10.91,12.0,10.94,12.0,10.925,11.27,2.0,0.4391,-0.8658,0.024,-0.4628,0.0444,-0.0138,2026-04-27,276.86,278.23,276.25,277.1,801245.0,276.95763
2026-04-27T23:26:58.279,2,2,IWM260429P00289000,IWM,2026-04-29,put,289.0,11.91,8.0,12.14,13.0,12.025,12.26,6.0,0.4901,-0.8607,0.022,-0.5335,0.0456,-0.0138,2026-04-27,276.86,278.23,276.25,277.1,801245.0,276.95763
2026-04-27T23:26:58.279,2,2,IWM260429P00290000,IWM,2026-04-29,put,290.0,12.73,6.0,12.86,13.0,12.795,13.38,2.0,0.4625,-0.8946,0.0192,-0.4073,0.0375,-0.0143,2026-04-27,276.86,278.23,276.25,277.1,801245.0,276.95763
2026-04-27T23:26:58.279,2,2,IWM260429P00291000,IWM,2026-04-29,put,291.0,13.75,4.0,13.88,11.0,13.815000000000001,14.3,2.0,0.4943,-0.8966,0.0177,-0.4304,0.0369,-0.0144,2026-04-27,276.86,278.23,276.25,277.1,801245.0,276.95763
2026-04-27T23:26:58.279,2,2,IWM260429P00292000,IWM,2026-04-29,put,292.0,14.75,2.0,14.84,13.0,14.795,15.41,2.0,0.5148,-0.9034,0.0162,-0.4262,0.0352,-0.0146,2026-04-27,276.86,278.23,276.25,277.1,801245.0,276.95763
2026-04-27T23:26:58.279,2,2,IWM260429P00293000,IWM,2026-04-29,put,293.0,15.91,9.0,16.0,9.0,15.955,16.26,1.0,0.584,-0.8889,0.0158,-0.5419,0.0389,-0.0144,2026-04-27,276.86,278.23,276.25,277.1,801245.0,276.95763
2026-04-27T23:26:58.279,2,2,IWM260429P00294000,IWM,2026-04-29,put,294.0,16.54,12.0,17.27,13.0,16.905,17.5,1.0,0.597,-0.8981,0.0145,-0.5193,0.0366,-0.0146,2026-04-27,276.86,278.23,276.25,277.1,801245.0,276.95763
2026-04-27T23:26:58.279,2,2,IWM260429P00295000,IWM,2026-04-29,put,295.0,18.17,9.0,18.26,10.0,18.215000000000003,18.51,1.0,0.7014,-0.8728,0.0145,-0.725,0.0428,-0.0143,2026-04-27,276.86,278.23,276.25,277.1,801245.0,276.95763
2026-04-27T23:26:58.279,2,2,IWM260429P00296000,IWM,2026-04-29,put,296.0,18.71,1.0,18.86,12.0,18.785,19.39,1.0,0.6117,-0.9176,0.0121,-0.4507,0.0313,-0.015,2026-04-27,276.86,278.23,276.25,277.1,801245.0,276.95763
2026-04-27T23:26:58.279,2,2,IWM260429P00297000,IWM,2026-04-29,put,297.0,19.92,3.0,20.02,12.0,19.97,20.32,1.0,0.6916,-0.9012,0.0122,-0.5911,0.0357,-0.0148,2026-04-27,276.86,278.23,276.25,277.1,801245.0,276.95763
2026-04-27T23:26:58.279,2,2,IWM260429P00298000,IWM,2026-04-29,put,298.0,20.88,10.0,20.98,11.0,20.93,20.95,1.0,0.7051,-0.9078,0.0114,-0.5718,0.034,-0.015,2026-04-27,276.86,278.23,276.25,277.1,801245.0,276.95763
2026-04-27T23:26:58.279,2,2,IWM260429P00299000,IWM,2026-04-29,put,299.0,21.98,9.0,22.21,10.0,22.095,21.71,1.0,0.7766,-0.8959,0.0113,-0.6941,0.0371,-0.0148,2026-04-27,276.86,278.23,276.25,277.1,801245.0,276.95763
2026-04-27T23:26:58.279,2,2,IWM260429P00300000,IWM,2026-04-29,put,300.0,22.91,10.0,23.01,11.0,22.96,23.53,1.0,0.7632,-0.91,0.0104,-0.6094,0.0334,-0.0151,2026-04-27,276.86,278.23,276.25,277.1,801245.0,276.95763
2026-04-27T23:26:58.279,2,2,IWM260429P00305000,IWM,2026-04-29,put,305.0,27.74,7.0,28.2,2.0,27.97,27.5,1.0,0.8853,-0.9192,0.0082,-0.6533,0.0308,-0.0155,2026-04-27,276.86,278.23,276.25,277.1,801245.0,276.95763
2026-04-27T23:26:58.279,2,2,IWM260429P00310000,IWM,2026-04-29,put,310.0,33.43,1.0,33.56,1.0,33.495000000000005,,,1.1566,-0.8931,0.0077,-1.0664,0.0378,-0.0154,2026-04-27,276.86,278.23,276.25,277.1,801245.0,276.95763
2026-04-27T23:26:58.279,2,2,IWM260429P00315000,IWM,2026-04-29,put,315.0,37.92,10.0,38.06,2.0,37.99,38.72,1.0,1.1159,-0.9313,0.0058,-0.7292,0.0272,-0.0162,2026-04-27,276.86,278.23,276.25,277.1,801245.0,276.95763
2026-04-27T23:26:58.279,2,2,IWM260429P00320000,IWM,2026-04-29,put,320.0,43.29,3.0,43.41,1.0,43.349999999999994,43.78,1.0,,,,,,,2026-04-27,276.86,278.23,276.25,277.1,801245.0,276.95763
2026-04-27T23:26:58.279,2,3,IWM260430C00220000,IWM,2026-04-30,call,220.0,57.01,5.0,57.14,5.0,57.075,56.97,1.0,,,,,,,2026-04-27,276.86,278.23,276.25,277.1,801245.0,276.95763
2026-04-27T23:26:58.279,2,3,IWM260430C00230000,IWM,2026-04-30,call,230.0,47.78,1.0,47.9,10.0,47.84,46.77,1.0,,,,,,,2026-04-27,276.86,278.23,276.25,277.1,801245.0,276.95763
2026-04-27T23:26:58.279,2,3,IWM260430C00240000,IWM,2026-04-30,call,240.0,37.47,3.0,37.98,11.0,37.724999999999994,37.02,5.0,0.6512,0.9938,0.0011,-0.0715,0.0044,0.0196,2026-04-27,276.86,278.23,276.25,277.1,801245.0,276.95763
2026-04-27T23:26:58.279,2,3,IWM260430C00245000,IWM,2026-04-30,call,245.0,32.689,12.0,32.78,10.0,32.7345,31.88,1.0,0.5837,0.9917,0.0015,-0.0797,0.0057,0.0199,2026-04-27,276.86,278.23,276.25,277.1,801245.0,276.95763
2026-04-27T23:26:58.279,2,3,IWM260430C00246000,IWM,2026-04-30,call,246.0,31.08,10.0,31.84,1.0,31.46,31.08,1.0,,,,,,,2026-04-27,276.86,278.23,276.25,277.1,801245.0,276.95763
2026-04-27T23:26:58.279,2,3,IWM260430C00247000,IWM,2026-04-30,call,247.0,30.29,1.0,30.44,8.0,30.365000000000002,30.56,1.0,,,,,,,2026-04-27,276.86,278.23,276.25,277.1,801245.0,276.95763
2026-04-27T23:26:58.279,2,3,IWM260430C00247500,IWM,2026-04-30,call,247.5,29.65,1.0,29.78,1.0,29.715,29.92,1.0,,,,,,,2026-04-27,276.86,278.23,276.25,277.1,801245.0,276.95763
2026-04-27T23:26:58.279,2,3,IWM260430C00248000,IWM,2026-04-30,call,248.0,28.69,7.0,29.02,14.0,28.855,28.88,3.0,,,,,,,2026-04-27,276.86,278.23,276.25,277.1,801245.0,276.95763
2026-04-27T23:26:58.279,2,3,IWM260430C00249000,IWM,2026-04-30,call,249.0,28.14,11.0,28.6,5.0,28.37,28.11,1.0,,,,,,,2026-04-27,276.86,278.23,276.25,277.1,801245.0,276.95763
2026-04-27T23:26:58.279,2,3,IWM260430C00250000,IWM,2026-04-30,call,250.0,26.66,13.0,27.0,12.0,26.83,27.24,1.0,,,,,,,2026-04-27,276.86,278.23,276.25,277.1,801245.0,276.95763
2026-04-27T23:26:58.279,2,3,IWM260430C00251000,IWM,2026-04-30,call,251.0,25.93,14.0,25.97,3.0,25.95,25.42,3.0,,,,,,,2026-04-27,276.86,278.23,276.25,277.1,801245.0,276.95763
2026-04-27T23:26:58.279,2,3,IWM260430C00252000,IWM,2026-04-30,call,252.0,25.5,11.0,25.6,10.0,25.55,25.02,1.0,,,,,,,2026-04-27,276.86,278.23,276.25,277.1,801245.0,276.95763
2026-04-27T23:26:58.279,2,3,IWM260430C00252500,IWM,2026-04-30,call,252.5,24.64,7.0,24.91,8.0,24.775,24.61,1.0,,,,,,,2026-04-27,276.86,278.23,276.25,277.1,801245.0,276.95763
2026-04-27T23:26:58.279,2,3,IWM260430C00253000,IWM,2026-04-30,call,253.0,24.25,12.0,24.35,12.0,24.3,24.06,1.0,,,,,,,2026-04-27,276.86,278.23,276.25,277.1,801245.0,276.95763
2026-04-27T23:26:58.279,2,3,IWM260430C00254000,IWM,2026-04-30,call,254.0,23.46,10.0,23.56,3.0,23.509999999999998,22.88,1.0,,,,,,,2026-04-27,276.86,278.23,276.25,277.1,801245.0,276.95763
2026-04-27T23:26:58.279,2,3,IWM260430C00255000,IWM,2026-04-30,call,255.0,21.79,11.0,22.35,10.0,22.07,22.12,1.0,,,,,,,2026-04-27,276.86,278.23,276.25,277.1,801245.0,276.95763
2026-04-27T23:26:58.279,2,3,IWM260430C00256000,IWM,2026-04-30,call,256.0,21.33,9.0,21.43,4.0,21.38,20.65,1.0,,,,,,,2026-04-27,276.86,278.23,276.25,277.1,801245.0,276.95763
2026-04-27T23:26:58.279,2,3,IWM260430C00257000,IWM,2026-04-30,call,257.0,20.16,2.0,20.27,2.0,20.215,20.05,1.0,,,,,,,2026-04-27,276.86,278.23,276.25,277.1,801245.0,276.95763
2026-04-27T23:26:58.279,2,3,IWM260430C00258000,IWM,2026-04-30,call,258.0,18.82,8.0,19.42,7.0,19.12,17.83,1.0,,,,,,,2026-04-27,276.86,278.23,276.25,277.1,801245.0,276.95763
2026-04-27T23:26:58.279,2,3,IWM260430C00259000,IWM,2026-04-30,call,259.0,18.45,7.0,18.55,7.0,18.5,17.96,2.0,,,,,,,2026-04-27,276.86,278.23,276.25,277.1,801245.0,276.95763
2026-04-27T23:26:58.279,2,3,IWM260430C00260000,IWM,2026-04-30,call,260.0,17.0,10.0,17.4,8.0,17.2,17.04,2.0,,,,,,,2026-04-27,276.86,278.23,276.25,277.1,801245.0,276.95763
2026-04-27T23:26:58.279,2,3,IWM260430C00261000,IWM,2026-04-30,call,261.0,15.92,10.0,16.47,8.0,16.195,15.76,1.0,,,,,,,2026-04-27,276.86,278.23,276.25,277.1,801245.0,276.95763
2026-04-27T23:26:58.279,2,3,IWM260430C00262000,IWM,2026-04-30,call,262.0,15.06,8.0,15.14,8.0,15.100000000000001,15.08,2.0,,,,,,,2026-04-27,276.86,278.23,276.25,277.1,801245.0,276.95763
2026-04-27T23:26:58.279,2,3,IWM260430C00263000,IWM,2026-04-30,call,263.0,14.05,11.0,14.51,6.0,14.280000000000001,14.46,1.0,,,,,,,2026-04-27,276.86,278.23,276.25,277.1,801245.0,276.95763
2026-04-27T23:26:58.279,2,3,IWM260430C00264000,IWM,2026-04-30,call,264.0,13.14,10.0,13.24,10.0,13.190000000000001,13.06,1.0,,,,,,,2026-04-27,276.86,278.23,276.25,277.1,801245.0,276.95763
2026-04-27T23:26:58.279,2,3,IWM260430C00265000,IWM,2026-04-30,call,265.0,12.03,1.0,12.13,17.0,12.08,11.88,1.0,,,,,,,2026-04-27,276.86,278.23,276.25,277.1,801245.0,276.95763
2026-04-27T23:26:58.279,2,3,IWM260430C00266000,IWM,2026-04-30,call,266.0,11.12,9.0,11.53,9.0,11.325,10.9,1.0,,,,,,,2026-04-27,276.86,278.23,276.25,277.1,801245.0,276.95763
2026-04-27T23:26:58.279,2,3,IWM260430C00267000,IWM,2026-04-30,call,267.0,10.5,9.0,10.59,9.0,10.545,10.03,1.0,,,,,,,2026-04-27,276.86,278.23,276.25,277.1,801245.0,276.95763
2026-04-27T23:26:58.279,2,3,IWM260430C00268000,IWM,2026-04-30,call,268.0,9.3,17.0,9.46,7.0,9.38,9.3,70.0,,,,,,,2026-04-27,276.86,278.23,276.25,277.1,801245.0,276.95763
2026-04-27T23:26:58.279,2,3,IWM260430C00269000,IWM,2026-04-30,call,269.0,8.38,17.0,8.5,13.0,8.440000000000001,8.28,1.0,,,,,,,2026-04-27,276.86,278.23,276.25,277.1,801245.0,276.95763
2026-04-27T23:26:58.279,2,3,IWM260430C00270000,IWM,2026-04-30,call,270.0,7.54,17.0,7.63,15.0,7.585,7.38,1.0,,,,,,,2026-04-27,276.86,278.23,276.25,277.1,801245.0,276.95763
2026-04-27T23:26:58.279,2,3,IWM260430C00271000,IWM,2026-04-30,call,271.0,6.76,15.0,6.77,12.0,6.765,6.77,1.0,0.155,0.9596,0.0223,-0.0824,0.0219,0.0213,2026-04-27,276.86,278.23,276.25,277.1,801245.0,276.95763
2026-04-27T23:26:58.279,2,3,IWM260430C00272000,IWM,2026-04-30,call,272.0,5.93,19.0,6.07,16.0,6.0,5.6,1.0,0.1972,0.8789,0.0406,-0.1903,0.0507,0.0196,2026-04-27,276.86,278.23,276.25,277.1,801245.0,276.95763
2026-04-27T23:26:58.279,2,3,IWM260430C00273000,IWM,2026-04-30,call,273.0,5.03,26.0,5.15,13.0,5.09,4.84,1.0,0.1879,0.8441,0.0506,-0.2113,0.0602,0.0188,2026-04-27,276.86,278.23,276.25,277.1,801245.0,276.95763
2026-04-27T23:26:58.279,2,3,IWM260430C00274000,IWM,2026-04-30,call,274.0,4.39,18.0,4.44,8.0,4.415,4.11,1.0,0.2061,0.7667,0.059,-0.2853,0.077,0.0171,2026-04-27,276.86,278.23,276.25,277.1,801245.0,276.95763
2026-04-27T23:26:58.279,2,3,IWM260430C00275000,IWM,2026-04-30,call,275.0,3.65,19.0,3.73,5.0,3.69,3.54,37.0,0.2065,0.7025,0.0666,-0.3191,0.0872,0.0157,2026-04-27,276.86,278.23,276.25,277.1,801245.0,276.95763
2026-04-27T23:26:58.279,2,3,IWM260430C00276000,IWM,2026-04-30,call,276.0,3.03,25.0,3.1,28.0,3.065,2.95,3.0,0.2103,0.6301,0.0713,-0.3502,0.095,0.0141,2026-04-27,276.86,278.23,276.25,277.1,801245.0,276.95763
2026-04-27T23:26:58.279,2,3,IWM260430C00277000,IWM,2026-04-30,call,277.0,2.39,31.0,2.47,37.0,2.43,2.39,1.0,0.2054,0.5578,0.0764,-0.3553,0.0994,0.0125,2026-04-27,276.86,278.23,276.25,277.1,801245.0,276.95763
2026-04-27T23:26:58.279,2,3,IWM260430C00278000,IWM,2026-04-30,call,278.0,1.92,21.0,1.95,13.0,1.935,1.86,1.0,0.2071,0.481,0.0765,-0.3592,0.1003,0.0108,2026-04-27,276.86,278.23,276.25,277.1,801245.0,276.95763
2026-04-27T23:26:58.279,2,3,IWM260430C00279000,IWM,2026-04-30,call,279.0,1.46,32.0,1.48,21.0,1.47,1.39,1.0,0.204,0.4041,0.0754,-0.3426,0.0975,0.0091,2026-04-27,276.86,278.23,276.25,277.1,801245.0,276.95763
2026-04-27T23:26:58.279,2,3,IWM260430C00280000,IWM,2026-04-30,call,280.0,1.08,51.0,1.11,45.0,1.0950000000000002,1.04,3.0,0.2024,0.3301,0.0711,-0.3166,0.0912,0.0074,2026-04-27,276.86,278.23,276.25,277.1,801245.0,276.95763
2026-04-27T23:26:58.279,2,3,IWM260430C00281000,IWM,2026-04-30,call,281.0,0.78,56.0,0.8,44.0,0.79,0.75,1.0,0.2006,0.2611,0.0644,-0.2806,0.0818,0.0059,2026-04-27,276.86,278.23,276.25,277.1,801245.0,276.95763
2026-04-27T23:26:58.279,2,3,IWM260430C00282000,IWM,2026-04-30,call,282.0,0.51,149.0,0.57,13.0,0.54,0.53,1.0,0.197,0.1975,0.056,-0.235,0.0699,0.0045,2026-04-27,276.86,278.23,276.25,277.1,801245.0,276.95763
2026-04-27T23:26:58.279,2,3,IWM260430C00282500,IWM,2026-04-30,call,282.5,0.46,100.0,0.48,58.0,0.47,0.46,1.0,0.2001,0.1748,0.0512,-0.221,0.0648,0.004,2026-04-27,276.86,278.23,276.25,277.1,801245.0,276.95763
2026-04-27T23:26:58.279,2,3,IWM260430C00283000,IWM,2026-04-30,call,283.0,0.34,216.0,0.36,174.0,0.35,0.37,1.0,0.193,0.142,0.0463,-0.1858,0.0566,0.0032,2026-04-27,276.86,278.23,276.25,277.1,801245.0,276.95763
2026-04-27T23:26:58.279,2,3,IWM260430C00284000,IWM,2026-04-30,call,284.0,0.26,157.0,0.28,160.0,0.27,0.24,1.0,0.2011,0.1111,0.0374,-0.1628,0.0477,0.0025,2026-04-27,276.86,278.23,276.25,277.1,801245.0,276.95763
2026-04-27T23:26:58.279,2,3,IWM260430C00285000,IWM,2026-04-30,call,285.0,0.17,367.0,0.19,109.0,0.18,0.15,1.0,0.2014,0.0791,0.0291,-0.1267,0.0371,0.0018,2026-04-27,276.86,278.23,276.25,277.1,801245.0,276.95763
2026-04-27T23:26:58.279,2,3,IWM260430C00286000,IWM,2026-04-30,call,286.0,0.12,600.0,0.14,172.0,0.13,0.13,30.0,0.2062,0.0588,0.0226,-0.103,0.0295,0.0013,2026-04-27,276.86,278.23,276.25,277.1,801245.0,276.95763
2026-04-27T23:26:58.279,2,3,IWM260430C00287000,IWM,2026-04-30,call,287.0,0.05,135.0,0.06,224.0,0.055,0.08,10.0,0.1917,0.0297,0.014,-0.055,0.017,0.0007,2026-04-27,276.86,278.23,276.25,277.1,801245.0,276.95763
2026-04-27T23:26:58.279,2,3,IWM260430C00288000,IWM,2026-04-30,call,288.0,0.06,379.0,0.08,465.0,0.07,0.06,20.0,0.2171,0.0329,0.0134,-0.0678,0.0185,0.0007,2026-04-27,276.86,278.23,276.25,277.1,801245.0,276.95763
2026-04-27T23:26:58.279,2,3,IWM260430C00289000,IWM,2026-04-30,call,289.0,0.05,274.0,0.06,363.0,0.055,0.05,7.0,0.2248,0.0258,0.0106,-0.0573,0.0151,0.0006,2026-04-27,276.86,278.23,276.25,277.1,801245.0,276.95763
2026-04-27T23:26:58.279,2,3,IWM260430C00290000,IWM,2026-04-30,call,290.0,0.01,268.0,0.05,401.0,0.030000000000000002,0.02,5.0,0.2201,0.0153,0.007,-0.036,0.0097,0.0003,2026-04-27,276.86,278.23,276.25,277.1,801245.0,276.95763
2026-04-27T23:26:58.279,2,3,IWM260430C00291000,IWM,2026-04-30,call,291.0,0.01,524.0,0.03,408.0,0.02,0.03,3.0,0.2227,0.0105,0.005,-0.0263,0.007,0.0002,2026-04-27,276.86,278.23,276.25,277.1,801245.0,276.95763
2026-04-27T23:26:58.279,2,3,IWM260430C00292000,IWM,2026-04-30,call,292.0,0.01,137.0,0.02,154.0,0.015,0.02,1.0,0.2286,0.0079,0.0038,-0.0211,0.0055,0.0002,2026-04-27,276.86,278.23,276.25,277.1,801245.0,276.95763
2026-04-27T23:26:58.279,2,3,IWM260430C00293000,IWM,2026-04-30,call,293.0,0.0,0.0,0.04,110.0,0.02,0.01,3.0,,,,,,,2026-04-27,276.86,278.23,276.25,277.1,801245.0,276.95763
2026-04-27T23:26:58.279,2,3,IWM260430C00294000,IWM,2026-04-30,call,294.0,0.0,0.0,0.01,184.0,0.005,0.08,5.0,,,,,,,2026-04-27,276.86,278.23,276.25,277.1,801245.0,276.95763
2026-04-27T23:26:58.279,2,3,IWM260430C00295000,IWM,2026-04-30,call,295.0,0.0,0.0,0.01,195.0,0.005,0.07,1.0,,,,,,,2026-04-27,276.86,278.23,276.25,277.1,801245.0,276.95763
2026-04-27T23:26:58.279,2,3,IWM260430C00296000,IWM,2026-04-30,call,296.0,0.0,0.0,0.01,10.0,0.005,0.13,2.0,,,,,,,2026-04-27,276.86,278.23,276.25,277.1,801245.0,276.95763
2026-04-27T23:26:58.279,2,3,IWM260430C00297000,IWM,2026-04-30,call,297.0,0.0,0.0,0.01,186.0,0.005,0.18,32.0,,,,,,,2026-04-27,276.86,278.23,276.25,277.1,801245.0,276.95763
2026-04-27T23:26:58.279,2,3,IWM260430C00298000,IWM,2026-04-30,call,298.0,0.0,0.0,0.03,127.0,0.015,0.08,20.0,,,,,,,2026-04-27,276.86,278.23,276.25,277.1,801245.0,276.95763
2026-04-27T23:26:58.279,2,3,IWM260430C00299000,IWM,2026-04-30,call,299.0,0.0,0.0,0.03,162.0,0.015,0.04,30.0,,,,,,,2026-04-27,276.86,278.23,276.25,277.1,801245.0,276.95763
2026-04-27T23:26:58.279,2,3,IWM260430C00300000,IWM,2026-04-30,call,300.0,0.0,0.0,0.03,43.0,0.015,0.03,5.0,,,,,,,2026-04-27,276.86,278.23,276.25,277.1,801245.0,276.95763
2026-04-27T23:26:58.279,2,3,IWM260430C00305000,IWM,2026-04-30,call,305.0,0.0,0.0,0.03,162.0,0.015,,,,,,,,,2026-04-27,276.86,278.23,276.25,277.1,801245.0,276.95763
2026-04-27T23:26:58.279,2,3,IWM260430C00310000,IWM,2026-04-30,call,310.0,0.0,0.0,0.01,122.0,0.005,,,,,,,,,2026-04-27,276.86,278.23,276.25,277.1,801245.0,276.95763
2026-04-27T23:26:58.279,2,3,IWM260430C00315000,IWM,2026-04-30,call,315.0,0.0,0.0,0.03,113.0,0.015,,,,,,,,,2026-04-27,276.86,278.23,276.25,277.1,801245.0,276.95763
2026-04-27T23:26:58.279,2,3,IWM260430C00320000,IWM,2026-04-30,call,320.0,0.0,0.0,0.03,201.0,0.015,0.03,10.0,,,,,,,2026-04-27,276.86,278.23,276.25,277.1,801245.0,276.95763
2026-04-27T23:26:58.279,2,3,IWM260430P00220000,IWM,2026-04-30,put,220.0,0.0,0.0,0.01,109.0,0.005,0.04,1.0,,,,,,,2026-04-27,276.86,278.23,276.25,277.1,801245.0,276.95763
2026-04-27T23:26:58.279,2,3,IWM260430P00230000,IWM,2026-04-30,put,230.0,0.0,0.0,0.03,199.0,0.015,0.01,3.0,,,,,,,2026-04-27,276.86,278.23,276.25,277.1,801245.0,276.95763
2026-04-27T23:26:58.279,2,3,IWM260430P00240000,IWM,2026-04-30,put,240.0,0.0,0.0,0.01,145.0,0.005,0.03,10.0,,,,,,,2026-04-27,276.86,278.23,276.25,277.1,801245.0,276.95763
2026-04-27T23:26:58.279,2,3,IWM260430P00245000,IWM,2026-04-30,put,245.0,0.0,0.0,0.04,228.0,0.02,0.02,14.0,,,,,,,2026-04-27,276.86,278.23,276.25,277.1,801245.0,276.95763
2026-04-27T23:26:58.279,2,3,IWM260430P00246000,IWM,2026-04-30,put,246.0,0.0,0.0,0.04,230.0,0.02,0.03,2.0,,,,,,,2026-04-27,276.86,278.23,276.25,277.1,801245.0,276.95763
2026-04-27T23:26:58.279,2,3,IWM260430P00247000,IWM,2026-04-30,put,247.0,0.0,0.0,0.01,109.0,0.005,0.03,1.0,,,,,,,2026-04-27,276.86,278.23,276.25,277.1,801245.0,276.95763
2026-04-27T23:26:58.279,2,3,IWM260430P00247500,IWM,2026-04-30,put,247.5,0.0,0.0,0.04,198.0,0.02,0.02,2.0,,,,,,,2026-04-27,276.86,278.23,276.25,277.1,801245.0,276.95763
2026-04-27T23:26:58.279,2,3,IWM260430P00248000,IWM,2026-04-30,put,248.0,0.0,0.0,0.01,230.0,0.005,0.06,1.0,,,,,,,2026-04-27,276.86,278.23,276.25,277.1,801245.0,276.95763
2026-04-27T23:26:58.279,2,3,IWM260430P00249000,IWM,2026-04-30,put,249.0,0.0,0.0,0.01,238.0,0.005,0.02,1.0,,,,,,,2026-04-27,276.86,278.23,276.25,277.1,801245.0,276.95763
2026-04-27T23:26:58.279,2,3,IWM260430P00250000,IWM,2026-04-30,put,250.0,0.03,1.0,0.04,56.0,0.035,0.01,10.0,0.4895,-0.0084,0.0019,-0.0468,0.0058,-0.0002,2026-04-27,276.86,278.23,276.25,277.1,801245.0,276.95763
2026-04-27T23:26:58.279,2,3,IWM260430P00251000,IWM,2026-04-30,put,251.0,0.01,41.0,0.02,6.0,0.015,0.05,2.0,0.4288,-0.0044,0.0012,-0.0231,0.0032,-0.0001,2026-04-27,276.86,278.23,276.25,277.1,801245.0,276.95763
2026-04-27T23:26:58.279,2,3,IWM260430P00252000,IWM,2026-04-30,put,252.0,0.01,112.0,0.03,130.0,0.02,0.04,2.0,0.4271,-0.0057,0.0015,-0.0291,0.0041,-0.0001,2026-04-27,276.86,278.23,276.25,277.1,801245.0,276.95763
2026-04-27T23:26:58.279,2,3,IWM260430P00252500,IWM,2026-04-30,put,252.5,0.03,221.0,0.05,318.0,0.04,0.04,2.0,0.4561,-0.0101,0.0023,-0.0513,0.0068,-0.0002,2026-04-27,276.86,278.23,276.25,277.1,801245.0,276.95763
2026-04-27T23:26:58.279,2,3,IWM260430P00253000,IWM,2026-04-30,put,253.0,0.03,104.0,0.05,134.0,0.04,0.02,4.0,0.4478,-0.0103,0.0024,-0.0511,0.0069,-0.0002,2026-04-27,276.86,278.23,276.25,277.1,801245.0,276.95763
2026-04-27T23:26:58.279,2,3,IWM260430P00254000,IWM,2026-04-30,put,254.0,0.01,190.0,0.05,187.0,0.030000000000000002,0.05,1.0,0.4157,-0.0085,0.0022,-0.0401,0.0058,-0.0002,2026-04-27,276.86,278.23,276.25,277.1,801245.0,276.95763
2026-04-27T23:26:58.279,2,3,IWM260430P00255000,IWM,2026-04-30,put,255.0,0.01,244.0,0.03,234.0,0.02,0.05,2.0,0.3804,-0.0064,0.0019,-0.0285,0.0045,-0.0001,2026-04-27,276.86,278.23,276.25,277.1,801245.0,276.95763
2026-04-27T23:26:58.279,2,3,IWM260430P00256000,IWM,2026-04-30,put,256.0,0.04,129.0,0.05,129.0,0.045,0.04,23.0,0.4042,-0.0126,0.0032,-0.0548,0.0082,-0.0003,2026-04-27,276.86,278.23,276.25,277.1,801245.0,276.95763
2026-04-27T23:26:58.279,2,3,IWM260430P00257000,IWM,2026-04-30,put,257.0,0.01,664.0,0.06,293.0,0.034999999999999996,0.14,1.0,0.3745,-0.0108,0.003,-0.0443,0.0071,-0.0002,2026-04-27,276.86,278.23,276.25,277.1,801245.0,276.95763
2026-04-27T23:26:58.279,2,3,IWM260430P00258000,IWM,2026-04-30,put,258.0,0.01,125.0,0.02,241.0,0.015,0.04,1.0,0.3228,-0.0057,0.002,-0.0219,0.0041,-0.0001,2026-04-27,276.86,278.23,276.25,277.1,801245.0,276.95763
2026-04-27T23:26:58.279,2,3,IWM260430P00259000,IWM,2026-04-30,put,259.0,0.01,298.0,0.07,256.0,0.04,0.06,5.0,0.3478,-0.013,0.0038,-0.0484,0.0084,-0.0003,2026-04-27,276.86,278.23,276.25,277.1,801245.0,276.95763
2026-04-27T23:26:58.279,2,3,IWM260430P00260000,IWM,2026-04-30,put,260.0,0.06,338.0,0.08,848.0,0.07,0.05,2.0,0.3593,-0.0208,0.0055,-0.0747,0.0126,-0.0005,2026-04-27,276.86,278.23,276.25,277.1,801245.0,276.95763
2026-04-27T23:26:58.279,2,3,IWM260430P00261000,IWM,2026-04-30,put,261.0,0.03,434.0,0.09,699.0,0.06,0.04,2.0,0.3334,-0.0194,0.0056,-0.0653,0.0119,-0.0004,2026-04-27,276.86,278.23,276.25,277.1,801245.0,276.95763
2026-04-27T23:26:58.279,2,3,IWM260430P00262000,IWM,2026-04-30,put,262.0,0.05,107.0,0.1,465.0,0.07500000000000001,0.08,21.0,0.3271,-0.024,0.0069,-0.0768,0.0142,-0.0006,2026-04-27,276.86,278.23,276.25,277.1,801245.0,276.95763
2026-04-27T23:26:58.279,2,3,IWM260430P00263000,IWM,2026-04-30,put,263.0,0.07,63.0,0.08,388.0,0.07500000000000001,0.11,6.0,0.309,-0.0252,0.0076,-0.0757,0.0148,-0.0006,2026-04-27,276.86,278.23,276.25,277.1,801245.0,276.95763
2026-04-27T23:26:58.279,2,3,IWM260430P00264000,IWM,2026-04-30,put,264.0,0.13,130.0,0.14,207.0,0.135,0.12,6.0,0.3229,-0.0406,0.0107,-0.117,0.022,-0.0009,2026-04-27,276.86,278.23,276.25,277.1,801245.0,276.95763
2026-04-27T23:26:58.279,2,3,IWM260430P00265000,IWM,2026-04-30,put,265.0,0.16,152.0,0.18,576.0,0.16999999999999998,0.19,1.0,0.3174,-0.0503,0.013,-0.1366,0.0261,-0.0012,2026-04-27,276.86,278.23,276.25,277.1,801245.0,276.95763
2026-04-27T23:26:58.279,2,3,IWM260430P00266000,IWM,2026-04-30,put,266.0,0.16,173.0,0.18,555.0,0.16999999999999998,0.21,1.0,0.2968,-0.0533,0.0145,-0.1337,0.0273,-0.0012,2026-04-27,276.86,278.23,276.25,277.1,801245.0,276.95763
2026-04-27T23:26:58.279,2,3,IWM260430P00267000,IWM,2026-04-30,put,267.0,0.21,129.0,0.27,189.0,0.24,0.25,1.0,0.2984,-0.0713,0.0181,-0.1684,0.0343,-0.0016,2026-04-27,276.86,278.23,276.25,277.1,801245.0,276.95763
2026-04-27T23:26:58.279,2,3,IWM260430P00268000,IWM,2026-04-30,put,268.0,0.28,30.0,0.3,262.0,0.29000000000000004,0.32,1.0,0.2896,-0.0857,0.0215,-0.1878,0.0394,-0.002,2026-04-27,276.86,278.23,276.25,277.1,801245.0,276.95763
2026-04-27T23:26:58.279,2,3,IWM260430P00269000,IWM,2026-04-30,put,269.0,0.35,88.0,0.38,122.0,0.365,0.43,4.0,0.2838,-0.1056,0.0256,-0.2144,0.0459,-0.0024,2026-04-27,276.86,278.23,276.25,277.1,801245.0,276.95763
2026-04-27T23:26:58.279,2,3,IWM260430P00270000,IWM,2026-04-30,put,270.0,0.5,102.0,0.53,140.0,0.515,0.5,2.0,0.2884,-0.1381,0.0304,-0.2629,0.0555,-0.0032,2026-04-27,276.86,278.23,276.25,277.1,801245.0,276.95763
2026-04-27T23:26:58.279,2,3,IWM260430P00271000,IWM,2026-04-30,put,271.0,0.59,126.0,0.67,223.0,0.63,0.62,2.0,0.2812,-0.1657,0.0352,-0.289,0.0627,-0.0038,2026-04-27,276.86,278.23,276.25,277.1,801245.0,276.95763
2026-04-27T23:26:58.279,2,3,IWM260430P00272000,IWM,2026-04-30,put,272.0,0.76,68.0,0.83,178.0,0.7949999999999999,0.82,125.0,0.2775,-0.2012,0.0402,-0.3214,0.0707,-0.0047,2026-04-27,276.86,278.23,276.25,277.1,801245.0,276.95763
2026-04-27T23:26:58.279,2,3,IWM260430P00273000,IWM,2026-04-30,put,273.0,0.96,62.0,1.04,234.0,1.0,1.04,25.0,0.2743,-0.2422,0.0453,-0.3527,0.0786,-0.0056,2026-04-27,276.86,278.23,276.25,277.1,801245.0,276.95763
2026-04-27T23:26:58.279,2,3,IWM260430P00274000,IWM,2026-04-30,put,274.0,1.2,59.0,1.24,177.0,1.22,1.25,2.0,0.268,-0.2862,0.0504,-0.3744,0.0856,-0.0066,2026-04-27,276.86,278.23,276.25,277.1,801245.0,276.95763
2026-04-27T23:26:58.279,2,3,IWM260430P00275000,IWM,2026-04-30,put,275.0,1.49,51.0,1.53,113.0,1.51,1.53,1.0,0.2647,-0.3374,0.0548,-0.3961,0.0919,-0.0078,2026-04-27,276.86,278.23,276.25,277.1,801245.0,276.95763
2026-04-27T23:26:58.279,2,3,IWM260430P00276000,IWM,2026-04-30,put,276.0,1.83,33.0,1.88,89.0,1.855,1.89,1.0,0.2616,-0.3931,0.0584,-0.4109,0.0968,-0.0091,2026-04-27,276.86,278.23,276.25,277.1,801245.0,276.95763
2026-04-27T23:26:58.279,2,3,IWM260430P00277000,IWM,2026-04-30,put,277.0,2.24,42.0,2.29,169.0,2.265,2.31,1.0,0.2594,-0.4524,0.0607,-0.4183,0.0997,-0.0105,2026-04-27,276.86,278.23,276.25,277.1,801245.0,276.95763
2026-04-27T23:26:58.279,2,3,IWM260430P00278000,IWM,2026-04-30,put,278.0,2.7,39.0,2.83,44.0,2.765,2.81,5.0,0.2602,-0.5134,0.0609,-0.4207,0.1004,-0.0119,2026-04-27,276.86,278.23,276.25,277.1,801245.0,276.95763
2026-04-27T23:26:58.279,2,3,IWM260430P00279000,IWM,2026-04-30,put,279.0,3.29,21.0,3.32,21.0,3.3049999999999997,3.55,1.0,0.2589,-0.5741,0.0602,-0.4096,0.0987,-0.0134,2026-04-27,276.86,278.23,276.25,277.1,801245.0,276.95763
2026-04-27T23:26:58.279,2,3,IWM260430P00280000,IWM,2026-04-30,put,280.0,3.85,36.0,4.0,27.0,3.925,4.24,1.0,0.2597,-0.6324,0.0576,-0.3926,0.0948,-0.0148,2026-04-27,276.86,278.23,276.25,277.1,801245.0,276.95763
2026-04-27T23:26:58.279,2,3,IWM260430P00281000,IWM,2026-04-30,put,281.0,4.64,11.0,4.74,24.0,4.6899999999999995,4.9,1.0,0.2704,-0.6805,0.0525,-0.3861,0.0899,-0.0159,2026-04-27,276.86,278.23,276.25,277.1,801245.0,276.95763
2026-04-27T23:26:58.279,2,3,IWM260430P00282000,IWM,2026-04-30,put,282.0,5.37,12.0,5.4,15.0,5.385,5.65,2.0,0.2681,-0.7322,0.0488,-0.3496,0.0829,-0.0172,2026-04-27,276.86,278.23,276.25,277.1,801245.0,276.95763
2026-04-27T23:26:58.279,2,3,IWM260430P00282500,IWM,2026-04-30,put,282.5,5.68,7.0,5.91,12.0,5.795,5.78,2.0,0.2725,-0.7521,0.0461,-0.3402,0.0796,-0.0176,2026-04-27,276.86,278.23,276.25,277.1,801245.0,276.95763
2026-04-27T23:26:58.279,2,3,IWM260430P00283000,IWM,2026-04-30,put,283.0,6.16,12.0,6.3,13.0,6.23,6.66,1.0,0.279,-0.7686,0.0434,-0.3347,0.0767,-0.0181,2026-04-27,276.86,278.23,276.25,277.1,801245.0,276.95763
2026-04-27T23:26:58.279,2,3,IWM260430P00284000,IWM,2026-04-30,put,284.0,7.08,10.0,7.2,14.0,7.140000000000001,7.48,1.0,0.2952,-0.7951,0.0382,-0.3291,0.0715,-0.0187,2026-04-27,276.86,278.23,276.25,277.1,801245.0,276.95763
2026-04-27T23:26:58.279,2,3,IWM260430P00285000,IWM,2026-04-30,put,285.0,7.85,6.0,8.14,11.0,7.995,8.26,1.0,0.3007,-0.8258,0.034,-0.3006,0.0647,-0.0195,2026-04-27,276.86,278.23,276.25,277.1,801245.0,276.95763
2026-04-27T23:26:58.279,2,3,IWM260430P00286000,IWM,2026-04-30,put,286.0,8.75,13.0,8.92,11.0,8.835,9.51,1.0,0.2993,-0.858,0.0298,-0.2576,0.0566,-0.0203,2026-04-27,276.86,278.23,276.25,277.1,801245.0,276.95763
2026-04-27T23:26:58.279,2,3,IWM260430P00287000,IWM,2026-04-30,put,287.0,9.67,6.0,9.96,8.0,9.815000000000001,10.44,1.0,0.3194,-0.8692,0.0264,-0.2596,0.0535,-0.0206,2026-04-27,276.86,278.23,276.25,277.1,801245.0,276.95763
2026-04-27T23:26:58.279,2,3,IWM260430P00288000,IWM,2026-04-30,put,288.0,10.71,9.0,11.05,1.0,10.88,,,0.3549,-0.8677,0.024,-0.2937,0.0539,-0.0207,2026-04-27,276.86,278.23,276.25,277.1,801245.0,276.95763
2026-04-27T23:26:58.279,2,3,IWM260430P00289000,IWM,2026-04-30,put,289.0,11.85,12.0,12.04,15.0,11.945,13.14,4.0,0.3902,-0.8664,0.022,-0.3277,0.0543,-0.0208,2026-04-27,276.86,278.23,276.25,277.1,801245.0,276.95763
2026-04-27T23:26:58.279,2,3,IWM260430P00290000,IWM,2026-04-30,put,290.0,13.01,8.0,13.1,11.0,13.055,,,0.4336,-0.8605,0.0203,-0.3787,0.0559,-0.0207,2026-04-27,276.86,278.23,276.25,277.1,801245.0,276.95763
2026-04-27T23:26:58.279,2,3,IWM260430P00291000,IWM,2026-04-30,put,291.0,14.1,10.0,14.13,13.0,14.115,14.35,2.0,0.4677,-0.8603,0.0189,-0.4108,0.0559,-0.0208,2026-04-27,276.86,278.23,276.25,277.1,801245.0,276.95763
2026-04-27T23:26:58.279,2,3,IWM260430P00292000,IWM,2026-04-30,put,292.0,15.14,12.0,15.24,13.0,15.190000000000001,15.58,2.0,0.5044,-0.8588,0.0176,-0.4485,0.0564,-0.0208,2026-04-27,276.86,278.23,276.25,277.1,801245.0,276.95763
2026-04-27T23:26:58.279,2,3,IWM260430P00293000,IWM,2026-04-30,put,293.0,15.98,10.0,16.01,10.0,15.995000000000001,16.94,1.0,0.4904,-0.8817,0.016,-0.3813,0.0498,-0.0214,2026-04-27,276.86,278.23,276.25,277.1,801245.0,276.95763
2026-04-27T23:26:58.279,2,3,IWM260430P00294000,IWM,2026-04-30,put,294.0,17.11,9.0,17.23,9.0,17.17,,,0.5467,-0.8699,0.0154,-0.4596,0.0533,-0.0213,2026-04-27,276.86,278.23,276.25,277.1,801245.0,276.95763
2026-04-27T23:26:58.279,2,3,IWM260430P00295000,IWM,2026-04-30,put,295.0,17.75,9.0,18.22,9.0,17.985,,,0.5318,-0.8905,0.014,-0.3918,0.0472,-0.0218,2026-04-27,276.86,278.23,276.25,277.1,801245.0,276.95763
2026-04-27T23:26:58.279,2,3,IWM260430P00296000,IWM,2026-04-30,put,296.0,19.13,4.0,19.23,12.0,19.18,19.6,1.0,0.5931,-0.8769,0.0136,-0.4805,0.0513,-0.0216,2026-04-27,276.86,278.23,276.25,277.1,801245.0,276.95763
2026-04-27T23:26:58.279,2,3,IWM260430P00297000,IWM,2026-04-30,put,297.0,20.2,5.0,20.3,14.0,20.25,20.68,1.0,0.6287,-0.875,0.013,-0.5168,0.0518,-0.0216,2026-04-27,276.86,278.23,276.25,277.1,801245.0,276.95763
2026-04-27T23:26:58.279,2,3,IWM260430P00298000,IWM,2026-04-30,put,298.0,21.07,10.0,21.17,10.0,21.12,21.72,1.0,0.6242,-0.8884,0.0121,-0.4707,0.0478,-0.022,2026-04-27,276.86,278.23,276.25,277.1,801245.0,276.95763
2026-04-27T23:26:58.279,2,3,IWM260430P00299000,IWM,2026-04-30,put,299.0,21.73,10.0,22.29,16.0,22.009999999999998,22.12,1.0,0.6211,-0.9004,0.0112,-0.4287,0.044,-0.0224,2026-04-27,276.86,278.23,276.25,277.1,801245.0,276.95763
2026-04-27T23:26:58.279,2,3,IWM260430P00300000,IWM,2026-04-30,put,300.0,22.79,10.0,23.17,11.0,22.98,23.01,1.0,0.6345,-0.9055,0.0105,-0.4206,0.0424,-0.0226,2026-04-27,276.86,278.23,276.25,277.1,801245.0,276.95763
2026-04-27T23:26:58.279,2,3,IWM260430P00305000,IWM,2026-04-30,put,305.0,27.35,2.0,27.65,1.0,27.5,28.34,1.0,0.572,-0.9626,0.0057,-0.1663,0.0205,-0.0242,2026-04-27,276.86,278.23,276.25,277.1,801245.0,276.95763
2026-04-27T23:26:58.279,2,3,IWM260430P00310000,IWM,2026-04-30,put,310.0,33.23,7.0,33.5,11.0,33.364999999999995,32.99,1.0,0.922,-0.8987,0.0076,-0.6568,0.0446,-0.0233,2026-04-27,276.86,278.23,276.25,277.1,801245.0,276.95763
2026-04-27T23:26:58.279,2,3,IWM260430P00315000,IWM,2026-04-30,put,315.0,37.57,1.0,37.98,11.0,37.775,,,0.8508,-0.9447,0.0052,-0.3691,0.0281,-0.0247,2026-04-27,276.86,278.23,276.25,277.1,801245.0,276.95763
2026-04-27T23:26:58.279,2,3,IWM260430P00320000,IWM,2026-04-30,put,320.0,42.6,7.0,43.54,12.0,43.07,,,1.0311,-0.9292,0.0052,-0.556,0.0341,-0.0247,2026-04-27,276.86,278.23,276.25,277.1,801245.0,276.95763
2026-04-27T23:26:58.279,2,4,IWM260501C00140000,IWM,2026-05-01,call,140.0,134.52,1.0,135.26,1.0,134.89,,,,,,,,,2026-04-27,276.86,278.23,276.25,277.1,801245.0,276.95763
2026-04-27T23:26:58.279,2,4,IWM260501C00145000,IWM,2026-05-01,call,145.0,132.63,3.0,132.76,2.0,132.695,125.11,3.0,,,,,,,2026-04-27,276.86,278.23,276.25,277.1,801245.0,276.95763
2026-04-27T23:26:58.279,2,4,IWM260501C00150000,IWM,2026-05-01,call,150.0,124.91,1.0,125.97,1.0,125.44,,,,,,,,,2026-04-27,276.86,278.23,276.25,277.1,801245.0,276.95763
2026-04-27T23:26:58.279,2,4,IWM260501C00155000,IWM,2026-05-01,call,155.0,124.52,1.0,124.66,1.0,124.59,,,,,,,,,2026-04-27,276.86,278.23,276.25,277.1,801245.0,276.95763
2026-04-27T23:26:58.279,2,4,IWM260501C00160000,IWM,2026-05-01,call,160.0,116.15,11.0,118.21,3.0,117.18,,,,,,,,,2026-04-27,276.86,278.23,276.25,277.1,801245.0,276.95763
2026-04-27T23:26:58.279,2,4,IWM260501C00165000,IWM,2026-05-01,call,165.0,111.07,3.0,111.6,1.0,111.335,,,,,,,,,2026-04-27,276.86,278.23,276.25,277.1,801245.0,276.95763
2026-04-27T23:26:58.279,2,4,IWM260501C00170000,IWM,2026-05-01,call,170.0,105.27,9.0,105.4,1.0,105.33500000000001,,,,,,,,,2026-04-27,276.86,278.23,276.25,277.1,801245.0,276.95763
2026-04-27T23:26:58.279,2,4,IWM260501C00175000,IWM,2026-05-01,call,175.0,101.98,1.0,102.12,1.0,102.05000000000001,,,,,,,,,2026-04-27,276.86,278.23,276.25,277.1,801245.0,276.95763
2026-04-27T23:26:58.279,2,4,IWM260501C00180000,IWM,2026-05-01,call,180.0,97.95,2.0,98.09,10.0,98.02000000000001,,,,,,,,,2026-04-27,276.86,278.23,276.25,277.1,801245.0,276.95763
2026-04-27T23:26:58.279,2,4,IWM260501C00185000,IWM,2026-05-01,call,185.0,90.99,5.0,92.51,1.0,91.75,,,,,,,,,2026-04-27,276.86,278.23,276.25,277.1,801245.0,276.95763
2026-04-27T23:26:58.279,2,4,IWM260501C00190000,IWM,2026-05-01,call,190.0,87.29,11.0,88.48,7.0,87.885,,,,,,,,,2026-04-27,276.86,278.23,276.25,277.1,801245.0,276.95763
2026-04-27T23:26:58.279,2,4,IWM260501C00195000,IWM,2026-05-01,call,195.0,83.31,1.0,83.78,2.0,83.545,56.37,10.0,,,,,,,2026-04-27,276.86,278.23,276.25,277.1,801245.0,276.95763
2026-04-27T23:26:58.279,2,4,IWM260501C00200000,IWM,2026-05-01,call,200.0,75.98,10.0,76.12,1.0,76.05000000000001,75.36,3.0,,,,,,,2026-04-27,276.86,278.23,276.25,277.1,801245.0,276.95763
2026-04-27T23:26:58.279,2,4,IWM260501C00205000,IWM,2026-05-01,call,205.0,70.87,1.0,72.17,2.0,71.52000000000001,72.25,1.0,,,,,,,2026-04-27,276.86,278.23,276.25,277.1,801245.0,276.95763
2026-04-27T23:26:58.279,2,4,IWM260501C00210000,IWM,2026-05-01,call,210.0,67.62,1.0,67.77,1.0,67.695,59.76,20.0,,,,,,,2026-04-27,276.86,278.23,276.25,277.1,801245.0,276.95763
2026-04-27T23:26:58.279,2,4,IWM260501C00215000,IWM,2026-05-01,call,215.0,61.71,7.0,61.84,1.0,61.775000000000006,60.91,2.0,,,,,,,2026-04-27,276.86,278.23,276.25,277.1,801245.0,276.95763
2026-04-27T23:26:58.279,2,4,IWM260501C00220000,IWM,2026-05-01,call,220.0,57.23,10.0,57.38,10.0,57.305,57.03,18.0,,,,,,,2026-04-27,276.86,278.23,276.25,277.1,801245.0,276.95763
2026-04-27T23:26:58.279,2,4,IWM260501C00225000,IWM,2026-05-01,call,225.0,51.42,4.0,52.19,4.0,51.805,51.69,1.0,,,,,,,2026-04-27,276.86,278.23,276.25,277.1,801245.0,276.95763
2026-04-27T23:26:58.279,2,4,IWM260501C00230000,IWM,2026-05-01,call,230.0,46.21,5.0,47.31,1.0,46.760000000000005,46.74,1.0,,,,,,,2026-04-27,276.86,278.23,276.25,277.1,801245.0,276.95763
2026-04-27T23:26:58.279,2,4,IWM260501C00234000,IWM,2026-05-01,call,234.0,43.21,3.0,43.47,11.0,43.34,43.94,1.0,,,,,,,2026-04-27,276.86,278.23,276.25,277.1,801245.0,276.95763
2026-04-27T23:26:58.279,2,4,IWM260501C00235000,IWM,2026-05-01,call,235.0,41.85,1.0,42.21,2.0,42.03,41.95,1.0,,,,,,,2026-04-27,276.86,278.23,276.25,277.1,801245.0,276.95763
2026-04-27T23:26:58.279,2,4,IWM260501C00236000,IWM,2026-05-01,call,236.0,41.92,7.0,42.06,2.0,41.99,41.55,1.0,0.8371,0.9714,0.0027,-0.2215,0.019,0.025,2026-04-27,276.86,278.23,276.25,277.1,801245.0,276.95763
2026-04-27T23:26:58.279,2,4,IWM260501C00237000,IWM,2026-05-01,call,237.0,39.51,1.0,40.5,1.0,40.004999999999995,39.71,7.0,,,,,,,2026-04-27,276.86,278.23,276.25,277.1,801245.0,276.95763
2026-04-27T23:26:58.279,2,4,IWM260501C00237500,IWM,2026-05-01,call,237.5,39.92,10.0,40.06,1.0,39.99,33.16,1.0,,,,,,,2026-04-27,276.86,278.23,276.25,277.1,801245.0,276.95763
2026-04-27T23:26:58.279,2,4,IWM260501C00238000,IWM,2026-05-01,call,238.0,39.87,5.0,40.01,1.0,39.94,39.27,1.0,0.7731,0.9743,0.0027,-0.1909,0.0174,0.0253,2026-04-27,276.86,278.23,276.25,277.1,801245.0,276.95763
2026-04-27T23:26:58.279,2,4,IWM260501C00239000,IWM,2026-05-01,call,239.0,38.22,1.0,38.35,13.0,38.285,37.87,7.0,,,,,,,2026-04-27,276.86,278.23,276.25,277.1,801245.0,276.95763
2026-04-27T23:26:58.279,2,4,IWM260501C00240000,IWM,2026-05-01,call,240.0,37.21,10.0,37.35,3.0,37.28,37.75,1.0,,,,,,,2026-04-27,276.86,278.23,276.25,277.1,801245.0,276.95763
2026-04-27T23:26:58.279,2,4,IWM260501C00241000,IWM,2026-05-01,call,241.0,36.69,1.0,36.82,1.0,36.754999999999995,36.02,1.0,0.5604,0.9928,0.0012,-0.0644,0.0058,0.0262,2026-04-27,276.86,278.23,276.25,277.1,801245.0,276.95763
2026-04-27T23:26:58.279,2,4,IWM260501C00242000,IWM,2026-05-01,call,242.0,34.65,6.0,34.85,2.0,34.75,35.57,1.0,,,,,,,2026-04-27,276.86,278.23,276.25,277.1,801245.0,276.95763
2026-04-27T23:26:58.279,2,4,IWM260501C00242500,IWM,2026-05-01,call,242.5,34.25,3.0,35.11,1.0,34.68,33.22,1.0,,,,,,,2026-04-27,276.86,278.23,276.25,277.1,801245.0,276.95763
2026-04-27T23:26:58.279,2,4,IWM260501C00243000,IWM,2026-05-01,call,243.0,34.13,1.0,34.26,1.0,34.195,34.04,1.0,,,,,,,2026-04-27,276.86,278.23,276.25,277.1,801245.0,276.95763
2026-04-27T23:26:58.279,2,4,IWM260501C00244000,IWM,2026-05-01,call,244.0,33.22,2.0,33.68,1.0,33.45,32.57,17.0,,,,,,,2026-04-27,276.86,278.23,276.25,277.1,801245.0,276.95763
2026-04-27T23:26:58.279,2,4,IWM260501C00245000,IWM,2026-05-01,call,245.0,32.229,5.0,32.659,10.0,32.444,32.07,7.0,,,,,,,2026-04-27,276.86,278.23,276.25,277.1,801245.0,276.95763
2026-04-27T23:26:58.279,2,4,IWM260501C00246000,IWM,2026-05-01,call,246.0,30.7,11.0,31.74,2.0,31.22,31.07,1.0,,,,,,,2026-04-27,276.86,278.23,276.25,277.1,801245.0,276.95763
2026-04-27T23:26:58.279,2,4,IWM260501C00247000,IWM,2026-05-01,call,247.0,30.0,1.0,30.14,1.0,30.07,30.86,1.0,,,,,,,2026-04-27,276.86,278.23,276.25,277.1,801245.0,276.95763
2026-04-27T23:26:58.279,2,4,IWM260501C00247500,IWM,2026-05-01,call,247.5,30.06,4.0,30.19,1.0,30.125,29.26,1.0,,,,,,,2026-04-27,276.86,278.23,276.25,277.1,801245.0,276.95763
2026-04-27T23:26:58.279,2,4,IWM260501C00248000,IWM,2026-05-01,call,248.0,28.6,5.0,29.34,10.0,28.97,29.73,3.0,,,,,,,2026-04-27,276.86,278.23,276.25,277.1,801245.0,276.95763
2026-04-27T23:26:58.279,2,4,IWM260501C00249000,IWM,2026-05-01,call,249.0,27.8,10.0,28.5,1.0,28.15,27.99,1.0,,,,,,,2026-04-27,276.86,278.23,276.25,277.1,801245.0,276.95763
2026-04-27T23:26:58.279,2,4,IWM260501C00250000,IWM,2026-05-01,call,250.0,26.77,15.0,27.82,11.0,27.295,26.93,1.0,,,,,,,2026-04-27,276.86,278.23,276.25,277.1,801245.0,276.95763
2026-04-27T23:26:58.279,2,4,IWM260501C00251000,IWM,2026-05-01,call,251.0,25.69,11.0,26.09,6.0,25.89,25.85,2.0,,,,,,,2026-04-27,276.86,278.23,276.25,277.1,801245.0,276.95763
2026-04-27T23:26:58.279,2,4,IWM260501C00252000,IWM,2026-05-01,call,252.0,25.0,1.0,25.51,10.0,25.255000000000003,25.28,1.0,,,,,,,2026-04-27,276.86,278.23,276.25,277.1,801245.0,276.95763
2026-04-27T23:26:58.279,2,4,IWM260501C00252500,IWM,2026-05-01,call,252.5,24.22,17.0,25.22,15.0,24.72,24.44,1.0,,,,,,,2026-04-27,276.86,278.23,276.25,277.1,801245.0,276.95763
2026-04-27T23:26:58.279,2,4,IWM260501C00253000,IWM,2026-05-01,call,253.0,23.83,11.0,24.25,11.0,24.04,23.83,1.0,,,,,,,2026-04-27,276.86,278.23,276.25,277.1,801245.0,276.95763
2026-04-27T23:26:58.279,2,4,IWM260501C00254000,IWM,2026-05-01,call,254.0,22.86,10.0,23.42,8.0,23.14,23.25,1.0,,,,,,,2026-04-27,276.86,278.23,276.25,277.1,801245.0,276.95763
2026-04-27T23:26:58.279,2,4,IWM260501C00255000,IWM,2026-05-01,call,255.0,22.1,19.0,22.71,16.0,22.405,22.2,2.0,,,,,,,2026-04-27,276.86,278.23,276.25,277.1,801245.0,276.95763
2026-04-27T23:26:58.279,2,4,IWM260501C00256000,IWM,2026-05-01,call,256.0,20.89,12.0,21.13,4.0,21.009999999999998,21.72,1.0,,,,,,,2026-04-27,276.86,278.23,276.25,277.1,801245.0,276.95763
2026-04-27T23:26:58.279,2,4,IWM260501C00257000,IWM,2026-05-01,call,257.0,20.15,10.0,20.68,5.0,20.415,20.17,1.0,,,,,,,2026-04-27,276.86,278.23,276.25,277.1,801245.0,276.95763
2026-04-27T23:26:58.279,2,4,IWM260501C00257500,IWM,2026-05-01,call,257.5,19.73,15.0,19.97,10.0,19.85,20.05,1.0,,,,,,,2026-04-27,276.86,278.23,276.25,277.1,801245.0,276.95763
2026-04-27T23:26:58.279,2,4,IWM260501C00258000,IWM,2026-05-01,call,258.0,19.19,15.0,19.32,16.0,19.255000000000003,19.2,1.0,,,,,,,2026-04-27,276.86,278.23,276.25,277.1,801245.0,276.95763
2026-04-27T23:26:58.279,2,4,IWM260501C00259000,IWM,2026-05-01,call,259.0,18.01,15.0,18.19,13.0,18.1,18.37,1.0,,,,,,,2026-04-27,276.86,278.23,276.25,277.1,801245.0,276.95763
2026-04-27T23:26:58.279,2,4,IWM260501C00260000,IWM,2026-05-01,call,260.0,17.15,9.0,17.47,10.0,17.31,17.28,3.0,,,,,,,2026-04-27,276.86,278.23,276.25,277.1,801245.0,276.95763
2026-04-27T23:26:58.279,2,4,IWM260501C00261000,IWM,2026-05-01,call,261.0,16.39,7.0,16.5,6.0,16.445,16.02,1.0,,,,,,,2026-04-27,276.86,278.23,276.25,277.1,801245.0,276.95763
2026-04-27T23:26:58.279,2,4,IWM260501C00262000,IWM,2026-05-01,call,262.0,15.23,19.0,15.67,14.0,15.45,14.96,2.0,,,,,,,2026-04-27,276.86,278.23,276.25,277.1,801245.0,276.95763
2026-04-27T23:26:58.279,2,4,IWM260501C00262500,IWM,2026-05-01,call,262.5,14.88,12.0,14.95,10.0,14.915,15.21,1.0,,,,,,,2026-04-27,276.86,278.23,276.25,277.1,801245.0,276.95763
2026-04-27T23:26:58.279,2,4,IWM260501C00263000,IWM,2026-05-01,call,263.0,14.43,19.0,14.65,16.0,14.54,14.3,1.0,,,,,,,2026-04-27,276.86,278.23,276.25,277.1,801245.0,276.95763
2026-04-27T23:26:58.279,2,4,IWM260501C00264000,IWM,2026-05-01,call,264.0,13.39,19.0,13.5,5.0,13.445,13.38,20.0,,,,,,,2026-04-27,276.86,278.23,276.25,277.1,801245.0,276.95763
2026-04-27T23:26:58.279,2,4,IWM260501C00265000,IWM,2026-05-01,call,265.0,12.41,17.0,12.56,7.0,12.485,12.46,20.0,,,,,,,2026-04-27,276.86,278.23,276.25,277.1,801245.0,276.95763
2026-04-27T23:26:58.279,2,4,IWM260501C00266000,IWM,2026-05-01,call,266.0,11.5,17.0,11.65,17.0,11.575,11.49,5.0,,,,,,,2026-04-27,276.86,278.23,276.25,277.1,801245.0,276.95763
2026-04-27T23:26:58.279,2,4,IWM260501C00267000,IWM,2026-05-01,call,267.0,10.75,17.0,10.85,17.0,10.8,10.63,1.0,0.2038,0.9684,0.012,-0.0783,0.0207,0.0283,2026-04-27,276.86,278.23,276.25,277.1,801245.0,276.95763
2026-04-27T23:26:58.279,2,4,IWM260501C00268000,IWM,2026-05-01,call,268.0,9.7,18.0,9.79,12.0,9.745,9.58,2.0,0.1514,0.988,0.0071,-0.0435,0.0091,0.029,2026-04-27,276.86,278.23,276.25,277.1,801245.0,276.95763
2026-04-27T23:26:58.279,2,4,IWM260501C00269000,IWM,2026-05-01,call,269.0,8.78,18.0,8.98,9.0,8.879999999999999,8.49,18.0,0.1985,0.9391,0.0209,-0.112,0.035,0.0276,2026-04-27,276.86,278.23,276.25,277.1,801245.0,276.95763
2026-04-27T23:26:58.279,2,4,IWM260501C00270000,IWM,2026-05-01,call,270.0,7.77,12.0,8.1,3.0,7.935,7.79,1.0,0.1938,0.9195,0.0265,-0.1298,0.0434,0.0271,2026-04-27,276.86,278.23,276.25,277.1,801245.0,276.95763
2026-04-27T23:26:58.279,2,4,IWM260501C00271000,IWM,2026-05-01,call,271.0,7.05,12.0,7.13,12.0,7.09,7.04,1.0,0.2036,0.8773,0.0343,-0.1738,0.059,0.0259,2026-04-27,276.86,278.23,276.25,277.1,801245.0,276.95763
2026-04-27T23:26:58.279,2,4,IWM260501C00272000,IWM,2026-05-01,call,272.0,6.19,18.0,6.43,19.0,6.3100000000000005,6.03,1.0,0.2137,0.8272,0.0412,-0.2207,0.0743,0.0245,2026-04-27,276.86,278.23,276.25,277.1,801245.0,276.95763
2026-04-27T23:26:58.279,2,4,IWM260501C00273000,IWM,2026-05-01,call,273.0,5.4,17.0,5.58,23.0,5.49,5.42,2.0,0.2112,0.7847,0.0476,-0.2455,0.085,0.0233,2026-04-27,276.86,278.23,276.25,277.1,801245.0,276.95763
2026-04-27T23:26:58.279,2,4,IWM260501C00274000,IWM,2026-05-01,call,274.0,4.77,22.0,4.87,15.0,4.82,4.72,10.0,0.2197,0.7256,0.0522,-0.2856,0.0969,0.0215,2026-04-27,276.86,278.23,276.25,277.1,801245.0,276.95763
2026-04-27T23:26:58.279,2,4,IWM260501C00275000,IWM,2026-05-01,call,275.0,3.99,23.0,4.09,28.0,4.04,4.01,2.0,0.2111,0.6766,0.0585,-0.2938,0.1044,0.0201,2026-04-27,276.86,278.23,276.25,277.1,801245.0,276.95763
2026-04-27T23:26:58.279,2,4,IWM260501C00276000,IWM,2026-05-01,call,276.0,3.47,41.0,3.48,40.0,3.475,3.31,1.0,0.2177,0.6124,0.0605,-0.3195,0.1113,0.0183,2026-04-27,276.86,278.23,276.25,277.1,801245.0,276.95763
2026-04-27T23:26:58.279,2,4,IWM260501C00277000,IWM,2026-05-01,call,277.0,2.86,1.0,2.88,37.0,2.87,2.82,5.0,0.2149,0.5511,0.0634,-0.3238,0.115,0.0165,2026-04-27,276.86,278.23,276.25,277.1,801245.0,276.95763
2026-04-27T23:26:58.279,2,4,IWM260501C00278000,IWM,2026-05-01,call,278.0,2.33,80.0,2.36,85.0,2.3449999999999998,2.28,50.0,0.2136,0.4872,0.0642,-0.3226,0.1159,0.0146,2026-04-27,276.86,278.23,276.25,277.1,801245.0,276.95763
2026-04-27T23:26:58.279,2,4,IWM260501C00279000,IWM,2026-05-01,call,279.0,1.83,41.0,1.87,22.0,1.85,1.77,4.0,0.2093,0.4218,0.0643,-0.3089,0.1137,0.0126,2026-04-27,276.86,278.23,276.25,277.1,801245.0,276.95763
2026-04-27T23:26:58.279,2,4,IWM260501C00280000,IWM,2026-05-01,call,280.0,1.41,53.0,1.44,26.0,1.4249999999999998,1.35,1.0,0.2053,0.3565,0.0625,-0.2878,0.1084,0.0107,2026-04-27,276.86,278.23,276.25,277.1,801245.0,276.95763
2026-04-27T23:26:58.279,2,4,IWM260501C00281000,IWM,2026-05-01,call,281.0,1.07,50.0,1.09,5.0,1.08,1.04,1.0,0.2026,0.2942,0.0585,-0.2617,0.1002,0.0088,2026-04-27,276.86,278.23,276.25,277.1,801245.0,276.95763
2026-04-27T23:26:58.279,2,4,IWM260501C00282000,IWM,2026-05-01,call,282.0,0.79,108.0,0.81,92.0,0.8,0.76,1.0,0.2003,0.2367,0.053,-0.231,0.0897,0.0071,2026-04-27,276.86,278.23,276.25,277.1,801245.0,276.95763
2026-04-27T23:26:58.279,2,4,IWM260501C00283000,IWM,2026-05-01,call,283.0,0.57,232.0,0.59,10.0,0.58,0.55,1.0,0.1985,0.1856,0.0464,-0.198,0.0777,0.0056,2026-04-27,276.86,278.23,276.25,277.1,801245.0,276.95763
2026-04-27T23:26:58.279,2,4,IWM260501C00284000,IWM,2026-05-01,call,284.0,0.41,203.0,0.43,190.0,0.42,0.39,2.0,0.1983,0.1435,0.0393,-0.167,0.0658,0.0043,2026-04-27,276.86,278.23,276.25,277.1,801245.0,276.95763
2026-04-27T23:26:58.279,2,4,IWM260501C00285000,IWM,2026-05-01,call,285.0,0.24,465.0,0.27,249.0,0.255,0.27,1.0,0.19,0.0986,0.0315,-0.1226,0.0505,0.003,2026-04-27,276.86,278.23,276.25,277.1,801245.0,276.95763
2026-04-27T23:26:58.279,2,4,IWM260501C00286000,IWM,2026-05-01,call,286.0,0.16,218.0,0.22,175.0,0.19,0.2,10.0,0.194,0.0757,0.0253,-0.1026,0.0414,0.0023,2026-04-27,276.86,278.23,276.25,277.1,801245.0,276.95763
2026-04-27T23:26:58.279,2,4,IWM260501C00287000,IWM,2026-05-01,call,287.0,0.1,195.0,0.12,161.0,0.11,0.12,20.0,0.1881,0.0487,0.0185,-0.0704,0.0294,0.0015,2026-04-27,276.86,278.23,276.25,277.1,801245.0,276.95763
2026-04-27T23:26:58.279,2,4,IWM260501C00288000,IWM,2026-05-01,call,288.0,0.06,354.0,0.08,267.0,0.07,0.1,1.0,0.1876,0.0329,0.0135,-0.051,0.0214,0.001,2026-04-27,276.86,278.23,276.25,277.1,801245.0,276.95763
2026-04-27T23:26:58.279,2,4,IWM260501C00289000,IWM,2026-05-01,call,289.0,0.07,422.0,0.09,235.0,0.08,0.06,1.0,0.207,0.034,0.0125,-0.0577,0.0219,0.001,2026-04-27,276.86,278.23,276.25,277.1,801245.0,276.95763
2026-04-27T23:26:58.279,2,4,IWM260501C00290000,IWM,2026-05-01,call,290.0,0.06,175.0,0.07,64.0,0.065,0.05,2.0,0.214,0.0275,0.0102,-0.05,0.0184,0.0008,2026-04-27,276.86,278.23,276.25,277.1,801245.0,276.95763
2026-04-27T23:26:58.279,2,4,IWM260501C00291000,IWM,2026-05-01,call,291.0,0.05,198.0,0.06,260.0,0.055,0.02,1.0,0.2221,0.023,0.0084,-0.0446,0.0158,0.0007,2026-04-27,276.86,278.23,276.25,277.1,801245.0,276.95763
2026-04-27T23:26:58.279,2,4,IWM260501C00292000,IWM,2026-05-01,call,292.0,0.04,63.0,0.05,19.0,0.045,0.04,1.0,0.2287,0.0187,0.0069,-0.0386,0.0133,0.0006,2026-04-27,276.86,278.23,276.25,277.1,801245.0,276.95763
2026-04-27T23:26:58.279,2,4,IWM260501C00293000,IWM,2026-05-01,call,293.0,0.03,102.0,0.05,109.0,0.04,0.04,5.0,0.2378,0.0163,0.0059,-0.0356,0.0118,0.0005,2026-04-27,276.86,278.23,276.25,277.1,801245.0,276.95763
2026-04-27T23:26:58.279,2,4,IWM260501C00294000,IWM,2026-05-01,call,294.0,0.03,102.0,0.04,29.0,0.035,0.02,10.0,0.2461,0.014,0.005,-0.0323,0.0104,0.0004,2026-04-27,276.86,278.23,276.25,277.1,801245.0,276.95763
2026-04-27T23:26:58.279,2,4,IWM260501C00295000,IWM,2026-05-01,call,295.0,0.0,0.0,0.04,161.0,0.02,0.02,10.0,,,,,,,2026-04-27,276.86,278.23,276.25,277.1,801245.0,276.95763
2026-04-27T23:26:58.279,2,4,IWM260501C00296000,IWM,2026-05-01,call,296.0,0.0,0.0,0.04,178.0,0.02,0.05,5.0,,,,,,,2026-04-27,276.86,278.23,276.25,277.1,801245.0,276.95763
2026-04-27T23:26:58.279,2,4,IWM260501C00297000,IWM,2026-05-01,call,297.0,0.0,0.0,0.04,158.0,0.02,0.04,1.0,,,,,,,2026-04-27,276.86,278.23,276.25,277.1,801245.0,276.95763
2026-04-27T23:26:58.279,2,4,IWM260501C00298000,IWM,2026-05-01,call,298.0,0.0,0.0,0.01,114.0,0.005,0.07,1.0,,,,,,,2026-04-27,276.86,278.23,276.25,277.1,801245.0,276.95763
2026-04-27T23:26:58.279,2,4,IWM260501C00299000,IWM,2026-05-01,call,299.0,0.0,0.0,0.04,182.0,0.02,0.06,1.0,,,,,,,2026-04-27,276.86,278.23,276.25,277.1,801245.0,276.95763
2026-04-27T23:26:58.279,2,4,IWM260501C00300000,IWM,2026-05-01,call,300.0,0.0,0.0,0.03,31.0,0.015,0.02,5.0,,,,,,,2026-04-27,276.86,278.23,276.25,277.1,801245.0,276.95763
2026-04-27T23:26:58.279,2,4,IWM260501C00305000,IWM,2026-05-01,call,305.0,0.0,0.0,0.03,65.0,0.015,0.01,15.0,,,,,,,2026-04-27,276.86,278.23,276.25,277.1,801245.0,276.95763
2026-04-27T23:26:58.279,2,4,IWM260501C00310000,IWM,2026-05-01,call,310.0,0.0,0.0,0.01,123.0,0.005,0.02,1.0,,,,,,,2026-04-27,276.86,278.23,276.25,277.1,801245.0,276.95763
2026-04-27T23:26:58.279,2,4,IWM260501C00315000,IWM,2026-05-01,call,315.0,0.0,0.0,0.01,205.0,0.005,0.02,4.0,,,,,,,2026-04-27,276.86,278.23,276.25,277.1,801245.0,276.95763
2026-04-27T23:26:58.279,2,4,IWM260501C00320000,IWM,2026-05-01,call,320.0,0.0,0.0,0.01,156.0,0.005,0.01,2.0,,,,,,,2026-04-27,276.86,278.23,276.25,277.1,801245.0,276.95763
2026-04-27T23:26:58.279,2,4,IWM260501P00140000,IWM,2026-05-01,put,140.0,0.0,0.0,0.01,114.0,0.005,0.01,1.0,,,,,,,2026-04-27,276.86,278.23,276.25,277.1,801245.0,276.95763
2026-04-27T23:26:58.279,2,4,IWM260501P00145000,IWM,2026-05-01,put,145.0,0.0,0.0,0.01,114.0,0.005,0.02,1.0,,,,,,,2026-04-27,276.86,278.23,276.25,277.1,801245.0,276.95763
2026-04-27T23:26:58.279,2,4,IWM260501P00150000,IWM,2026-05-01,put,150.0,0.0,0.0,0.03,114.0,0.015,0.02,1.0,,,,,,,2026-04-27,276.86,278.23,276.25,277.1,801245.0,276.95763
2026-04-27T23:26:58.279,2,4,IWM260501P00155000,IWM,2026-05-01,put,155.0,0.0,0.0,0.03,114.0,0.015,0.07,1.0,,,,,,,2026-04-27,276.86,278.23,276.25,277.1,801245.0,276.95763
2026-04-27T23:26:58.279,2,4,IWM260501P00160000,IWM,2026-05-01,put,160.0,0.0,0.0,0.03,114.0,0.015,0.11,5.0,,,,,,,2026-04-27,276.86,278.23,276.25,277.1,801245.0,276.95763
2026-04-27T23:26:58.279,2,4,IWM260501P00165000,IWM,2026-05-01,put,165.0,0.0,0.0,0.01,114.0,0.005,0.02,29.0,,,,,,,2026-04-27,276.86,278.23,276.25,277.1,801245.0,276.95763
2026-04-27T23:26:58.279,2,4,IWM260501P00170000,IWM,2026-05-01,put,170.0,0.0,0.0,0.01,114.0,0.005,0.01,6.0,,,,,,,2026-04-27,276.86,278.23,276.25,277.1,801245.0,276.95763
2026-04-27T23:26:58.279,2,4,IWM260501P00175000,IWM,2026-05-01,put,175.0,0.0,0.0,0.03,114.0,0.015,0.05,1.0,,,,,,,2026-04-27,276.86,278.23,276.25,277.1,801245.0,276.95763
2026-04-27T23:26:58.279,2,4,IWM260501P00180000,IWM,2026-05-01,put,180.0,0.0,0.0,0.01,114.0,0.005,0.02,1.0,,,,,,,2026-04-27,276.86,278.23,276.25,277.1,801245.0,276.95763
2026-04-27T23:26:58.279,2,4,IWM260501P00185000,IWM,2026-05-01,put,185.0,0.0,0.0,0.01,114.0,0.005,0.01,1.0,,,,,,,2026-04-27,276.86,278.23,276.25,277.1,801245.0,276.95763
2026-04-27T23:26:58.279,2,4,IWM260501P00190000,IWM,2026-05-01,put,190.0,0.0,0.0,0.01,114.0,0.005,0.01,4.0,,,,,,,2026-04-27,276.86,278.23,276.25,277.1,801245.0,276.95763
2026-04-27T23:26:58.279,2,4,IWM260501P00195000,IWM,2026-05-01,put,195.0,0.0,0.0,0.01,114.0,0.005,0.01,1.0,,,,,,,2026-04-27,276.86,278.23,276.25,277.1,801245.0,276.95763
2026-04-27T23:26:58.279,2,4,IWM260501P00200000,IWM,2026-05-01,put,200.0,0.0,0.0,0.01,112.0,0.005,0.01,6.0,,,,,,,2026-04-27,276.86,278.23,276.25,277.1,801245.0,276.95763
2026-04-27T23:26:58.279,2,4,IWM260501P00205000,IWM,2026-05-01,put,205.0,0.0,0.0,0.01,186.0,0.005,0.01,1.0,,,,,,,2026-04-27,276.86,278.23,276.25,277.1,801245.0,276.95763
2026-04-27T23:26:58.279,2,4,IWM260501P00210000,IWM,2026-05-01,put,210.0,0.0,0.0,0.01,230.0,0.005,0.01,1.0,,,,,,,2026-04-27,276.86,278.23,276.25,277.1,801245.0,276.95763
2026-04-27T23:26:58.279,2,4,IWM260501P00215000,IWM,2026-05-01,put,215.0,0.0,0.0,0.03,31.0,0.015,0.01,5.0,,,,,,,2026-04-27,276.86,278.23,276.25,277.1,801245.0,276.95763
2026-04-27T23:26:58.279,2,4,IWM260501P00220000,IWM,2026-05-01,put,220.0,0.0,0.0,0.03,115.0,0.015,0.01,2.0,,,,,,,2026-04-27,276.86,278.23,276.25,277.1,801245.0,276.95763
2026-04-27T23:26:58.279,2,4,IWM260501P00225000,IWM,2026-05-01,put,225.0,0.0,0.0,0.03,283.0,0.015,0.01,2.0,,,,,,,2026-04-27,276.86,278.23,276.25,277.1,801245.0,276.95763
2026-04-27T23:26:58.279,2,4,IWM260501P00230000,IWM,2026-05-01,put,230.0,0.0,0.0,0.03,179.0,0.015,0.01,1.0,,,,,,,2026-04-27,276.86,278.23,276.25,277.1,801245.0,276.95763
2026-04-27T23:26:58.279,2,4,IWM260501P00234000,IWM,2026-05-01,put,234.0,0.0,0.0,0.03,60.0,0.015,0.01,1.0,,,,,,,2026-04-27,276.86,278.23,276.25,277.1,801245.0,276.95763
2026-04-27T23:26:58.279,2,4,IWM260501P00235000,IWM,2026-05-01,put,235.0,0.0,0.0,0.01,10.0,0.005,0.02,1.0,,,,,,,2026-04-27,276.86,278.23,276.25,277.1,801245.0,276.95763
2026-04-27T23:26:58.279,2,4,IWM260501P00236000,IWM,2026-05-01,put,236.0,0.0,0.0,0.03,94.0,0.015,0.01,1.0,,,,,,,2026-04-27,276.86,278.23,276.25,277.1,801245.0,276.95763
2026-04-27T23:26:58.279,2,4,IWM260501P00237000,IWM,2026-05-01,put,237.0,0.0,0.0,0.04,181.0,0.02,0.01,1.0,,,,,,,2026-04-27,276.86,278.23,276.25,277.1,801245.0,276.95763
2026-04-27T23:26:58.279,2,4,IWM260501P00237500,IWM,2026-05-01,put,237.5,0.0,0.0,0.04,114.0,0.02,0.02,2.0,,,,,,,2026-04-27,276.86,278.23,276.25,277.1,801245.0,276.95763
2026-04-27T23:26:58.279,2,4,IWM260501P00238000,IWM,2026-05-01,put,238.0,0.0,0.0,0.01,194.0,0.005,0.04,3.0,,,,,,,2026-04-27,276.86,278.23,276.25,277.1,801245.0,276.95763
2026-04-27T23:26:58.279,2,4,IWM260501P00239000,IWM,2026-05-01,put,239.0,0.01,2.0,0.04,220.0,0.025,0.01,2.0,0.5602,-0.0048,0.0009,-0.0282,0.004,-0.0001,2026-04-27,276.86,278.23,276.25,277.1,801245.0,276.95763
2026-04-27T23:26:58.279,2,4,IWM260501P00240000,IWM,2026-05-01,put,240.0,0.01,4.0,0.04,325.0,0.025,0.01,3.0,0.5462,-0.0049,0.0009,-0.0281,0.0041,-0.0002,2026-04-27,276.86,278.23,276.25,277.1,801245.0,276.95763
2026-04-27T23:26:58.279,2,4,IWM260501P00241000,IWM,2026-05-01,put,241.0,0.03,1.0,0.04,178.0,0.035,0.04,2.0,0.5531,-0.0066,0.0011,-0.0369,0.0054,-0.0002,2026-04-27,276.86,278.23,276.25,277.1,801245.0,276.95763
2026-04-27T23:26:58.279,2,4,IWM260501P00242000,IWM,2026-05-01,put,242.0,0.0,0.0,0.04,111.0,0.02,0.01,1.0,,,,,,,2026-04-27,276.86,278.23,276.25,277.1,801245.0,276.95763
2026-04-27T23:26:58.279,2,4,IWM260501P00242500,IWM,2026-05-01,put,242.5,0.0,0.0,0.01,53.0,0.005,0.02,2.0,,,,,,,2026-04-27,276.86,278.23,276.25,277.1,801245.0,276.95763
2026-04-27T23:26:58.279,2,4,IWM260501P00243000,IWM,2026-05-01,put,243.0,0.0,0.0,0.01,111.0,0.005,0.01,10.0,,,,,,,2026-04-27,276.86,278.23,276.25,277.1,801245.0,276.95763
2026-04-27T23:26:58.279,2,4,IWM260501P00244000,IWM,2026-05-01,put,244.0,0.0,0.0,0.04,190.0,0.02,0.03,50.0,,,,,,,2026-04-27,276.86,278.23,276.25,277.1,801245.0,276.95763
2026-04-27T23:26:58.279,2,4,IWM260501P00245000,IWM,2026-05-01,put,245.0,0.01,9.0,0.04,141.0,0.025,0.02,1.0,0.4766,-0.0056,0.0011,-0.0274,0.0046,-0.0002,2026-04-27,276.86,278.23,276.25,277.1,801245.0,276.95763
2026-04-27T23:26:58.279,2,4,IWM260501P00246000,IWM,2026-05-01,put,246.0,0.01,64.0,0.04,180.0,0.025,0.03,2.0,0.4627,-0.0057,0.0012,-0.0272,0.0047,-0.0002,2026-04-27,276.86,278.23,276.25,277.1,801245.0,276.95763
2026-04-27T23:26:58.279,2,4,IWM260501P00247000,IWM,2026-05-01,put,247.0,0.03,159.0,0.05,236.0,0.04,0.04,2.0,0.4748,-0.0086,0.0017,-0.0399,0.0068,-0.0003,2026-04-27,276.86,278.23,276.25,277.1,801245.0,276.95763
2026-04-27T23:26:58.279,2,4,IWM260501P00247500,IWM,2026-05-01,put,247.5,0.01,104.0,0.03,219.0,0.02,0.1,20.0,0.431,-0.005,0.0012,-0.0224,0.0042,-0.0002,2026-04-27,276.86,278.23,276.25,277.1,801245.0,276.95763
2026-04-27T23:26:58.279,2,4,IWM260501P00248000,IWM,2026-05-01,put,248.0,0.03,219.0,0.05,232.0,0.04,0.03,10.0,0.4603,-0.0088,0.0018,-0.0396,0.0069,-0.0003,2026-04-27,276.86,278.23,276.25,277.1,801245.0,276.95763
2026-04-27T23:26:58.279,2,4,IWM260501P00249000,IWM,2026-05-01,put,249.0,0.03,167.0,0.05,186.0,0.04,0.02,1.0,0.4459,-0.0091,0.0019,-0.0394,0.0071,-0.0003,2026-04-27,276.86,278.23,276.25,277.1,801245.0,276.95763
2026-04-27T23:26:58.279,2,4,IWM260501P00250000,IWM,2026-05-01,put,250.0,0.03,360.0,0.05,364.0,0.04,0.03,3.0,0.4315,-0.0093,0.002,-0.0391,0.0073,-0.0003,2026-04-27,276.86,278.23,276.25,277.1,801245.0,276.95763
2026-04-27T23:26:58.279,2,4,IWM260501P00251000,IWM,2026-05-01,put,251.0,0.03,359.0,0.05,339.0,0.04,0.03,2.0,0.417,-0.0096,0.0021,-0.0389,0.0075,-0.0003,2026-04-27,276.86,278.23,276.25,277.1,801245.0,276.95763
2026-04-27T23:26:58.279,2,4,IWM260501P00252000,IWM,2026-05-01,put,252.0,0.01,105.0,0.02,280.0,0.015,0.04,1.0,0.3586,-0.0045,0.0013,-0.0172,0.0039,-0.0001,2026-04-27,276.86,278.23,276.25,277.1,801245.0,276.95763
2026-04-27T23:26:58.279,2,4,IWM260501P00252500,IWM,2026-05-01,put,252.5,0.04,262.0,0.06,369.0,0.05,0.05,50.0,0.4072,-0.0121,0.0026,-0.046,0.0091,-0.0004,2026-04-27,276.86,278.23,276.25,277.1,801245.0,276.95763
2026-04-27T23:26:58.279,2,4,IWM260501P00253000,IWM,2026-05-01,put,253.0,0.01,1.0,0.02,334.0,0.015,0.05,10.0,0.3455,-0.0047,0.0014,-0.0171,0.004,-0.0001,2026-04-27,276.86,278.23,276.25,277.1,801245.0,276.95763
2026-04-27T23:26:58.279,2,4,IWM260501P00254000,IWM,2026-05-01,put,254.0,0.01,67.0,0.02,239.0,0.015,0.04,1.0,0.3323,-0.0049,0.0015,-0.0169,0.0041,-0.0001,2026-04-27,276.86,278.23,276.25,277.1,801245.0,276.95763
2026-04-27T23:26:58.279,2,4,IWM260501P00255000,IWM,2026-05-01,put,255.0,0.01,373.0,0.03,597.0,0.02,0.07,1.0,0.3298,-0.0064,0.0019,-0.0213,0.0052,-0.0002,2026-04-27,276.86,278.23,276.25,277.1,801245.0,276.95763
2026-04-27T23:26:58.279,2,4,IWM260501P00256000,IWM,2026-05-01,put,256.0,0.06,188.0,0.07,364.0,0.065,0.05,1.0,0.3691,-0.0167,0.0039,-0.0551,0.012,-0.0005,2026-04-27,276.86,278.23,276.25,277.1,801245.0,276.95763
2026-04-27T23:26:58.279,2,4,IWM260501P00257000,IWM,2026-05-01,put,257.0,0.07,91.0,0.08,285.0,0.07500000000000001,0.06,5.0,0.3615,-0.0193,0.0045,-0.0611,0.0136,-0.0006,2026-04-27,276.86,278.23,276.25,277.1,801245.0,276.95763
2026-04-27T23:26:58.279,2,4,IWM260501P00257500,IWM,2026-05-01,put,257.5,0.07,366.0,0.09,646.0,0.08,0.08,1.0,0.3573,-0.0206,0.0048,-0.064,0.0145,-0.0006,2026-04-27,276.86,278.23,276.25,277.1,801245.0,276.95763
2026-04-27T23:26:58.279,2,4,IWM260501P00258000,IWM,2026-05-01,put,258.0,0.04,97.0,0.09,298.0,0.065,0.05,13.0,0.3386,-0.018,0.0045,-0.054,0.0129,-0.0006,2026-04-27,276.86,278.23,276.25,277.1,801245.0,276.95763
2026-04-27T23:26:58.279,2,4,IWM260501P00259000,IWM,2026-05-01,put,259.0,0.05,184.0,0.06,151.0,0.055,0.06,1.0,0.3154,-0.0165,0.0045,-0.0467,0.012,-0.0005,2026-04-27,276.86,278.23,276.25,277.1,801245.0,276.95763
2026-04-27T23:26:58.279,2,4,IWM260501P00260000,IWM,2026-05-01,put,260.0,0.07,1.0,0.08,257.0,0.07500000000000001,0.08,1.0,0.3149,-0.0218,0.0057,-0.059,0.0152,-0.0007,2026-04-27,276.86,278.23,276.25,277.1,801245.0,276.95763
2026-04-27T23:26:58.279,2,4,IWM260501P00261000,IWM,2026-05-01,put,261.0,0.08,262.0,0.14,379.0,0.11000000000000001,0.14,2.0,0.319,-0.0302,0.0074,-0.0785,0.0199,-0.0009,2026-04-27,276.86,278.23,276.25,277.1,801245.0,276.95763
2026-04-27T23:26:58.279,2,4,IWM260501P00262000,IWM,2026-05-01,put,262.0,0.11,93.0,0.13,502.0,0.12,0.14,1.0,0.3073,-0.0337,0.0084,-0.0828,0.0218,-0.001,2026-04-27,276.86,278.23,276.25,277.1,801245.0,276.95763
2026-04-27T23:26:58.279,2,4,IWM260501P00262500,IWM,2026-05-01,put,262.5,0.16,290.0,0.18,286.0,0.16999999999999998,0.16,3.0,0.3193,-0.0442,0.0101,-0.107,0.0271,-0.0014,2026-04-27,276.86,278.23,276.25,277.1,801245.0,276.95763
2026-04-27T23:26:58.279,2,4,IWM260501P00263000,IWM,2026-05-01,put,263.0,0.14,198.0,0.2,390.0,0.17,0.15,1.0,0.3105,-0.0452,0.0106,-0.1061,0.0277,-0.0014,2026-04-27,276.86,278.23,276.25,277.1,801245.0,276.95763
2026-04-27T23:26:58.279,2,4,IWM260501P00264000,IWM,2026-05-01,put,264.0,0.18,51.0,0.2,105.0,0.19,0.21,1.0,0.2997,-0.0514,0.0121,-0.1133,0.0306,-0.0016,2026-04-27,276.86,278.23,276.25,277.1,801245.0,276.95763
2026-04-27T23:26:58.279,2,4,IWM260501P00265000,IWM,2026-05-01,put,265.0,0.27,13.0,0.29,122.0,0.28,0.24,1.0,0.3071,-0.07,0.015,-0.1479,0.039,-0.0022,2026-04-27,276.86,278.23,276.25,277.1,801245.0,276.95763
2026-04-27T23:26:58.279,2,4,IWM260501P00266000,IWM,2026-05-01,put,266.0,0.28,120.0,0.31,228.0,0.29500000000000004,0.31,1.0,0.2916,-0.0765,0.017,-0.1501,0.0418,-0.0024,2026-04-27,276.86,278.23,276.25,277.1,801245.0,276.95763
2026-04-27T23:26:58.279,2,4,IWM260501P00267000,IWM,2026-05-01,put,267.0,0.35,130.0,0.42,123.0,0.385,0.37,2.0,0.2914,-0.0957,0.0201,-0.1772,0.0494,-0.003,2026-04-27,276.86,278.23,276.25,277.1,801245.0,276.95763
2026-04-27T23:26:58.279,2,4,IWM260501P00268000,IWM,2026-05-01,put,268.0,0.49,15.0,0.51,136.0,0.5,0.47,2.0,0.2919,-0.1185,0.0234,-0.207,0.0576,-0.0037,2026-04-27,276.86,278.23,276.25,277.1,801245.0,276.95763
2026-04-27T23:26:58.279,2,4,IWM260501P00269000,IWM,2026-05-01,put,269.0,0.59,134.0,0.62,163.0,0.605,0.58,1.0,0.2869,-0.1404,0.0267,-0.2285,0.0648,-0.0043,2026-04-27,276.86,278.23,276.25,277.1,801245.0,276.95763
2026-04-27T23:26:58.279,2,4,IWM260501P00270000,IWM,2026-05-01,put,270.0,0.72,78.0,0.76,209.0,0.74,0.71,1.0,0.2832,-0.1668,0.0304,-0.2525,0.0726,-0.0052,2026-04-27,276.86,278.23,276.25,277.1,801245.0,276.95763
2026-04-27T23:26:58.279,2,4,IWM260501P00271000,IWM,2026-05-01,put,271.0,0.88,95.0,0.92,123.0,0.9,0.89,1.0,0.2794,-0.1967,0.0341,-0.2758,0.0806,-0.0061,2026-04-27,276.86,278.23,276.25,277.1,801245.0,276.95763
2026-04-27T23:26:58.279,2,4,IWM260501P00272000,IWM,2026-05-01,put,272.0,1.03,69.0,1.1,77.0,1.065,1.06,5.0,0.2728,-0.2283,0.0381,-0.2933,0.0879,-0.0071,2026-04-27,276.86,278.23,276.25,277.1,801245.0,276.95763
2026-04-27T23:26:58.279,2,4,IWM260501P00273000,IWM,2026-05-01,put,273.0,1.29,79.0,1.33,85.0,1.31,1.29,1.0,0.2715,-0.2681,0.0418,-0.3174,0.0957,-0.0083,2026-04-27,276.86,278.23,276.25,277.1,801245.0,276.95763
2026-04-27T23:26:58.279,2,4,IWM260501P00274000,IWM,2026-05-01,put,274.0,1.51,75.0,1.6,141.0,1.5550000000000002,1.59,25.0,0.2662,-0.3088,0.0455,-0.3319,0.1024,-0.0096,2026-04-27,276.86,278.23,276.25,277.1,801245.0,276.95763
2026-04-27T23:26:58.279,2,4,IWM260501P00275000,IWM,2026-05-01,put,275.0,1.87,48.0,1.91,173.0,1.8900000000000001,1.9,4.0,0.2655,-0.3559,0.0483,-0.3494,0.1083,-0.011,2026-04-27,276.86,278.23,276.25,277.1,801245.0,276.95763
2026-04-27T23:26:58.279,2,4,IWM260501P00276000,IWM,2026-05-01,put,276.0,2.17,11.0,2.25,22.0,2.21,2.23,2.0,0.2592,-0.4036,0.0514,-0.3533,0.1125,-0.0125,2026-04-27,276.86,278.23,276.25,277.1,801245.0,276.95763
2026-04-27T23:26:58.279,2,4,IWM260501P00277000,IWM,2026-05-01,put,277.0,2.63,35.0,2.68,47.0,2.6550000000000002,2.64,11.0,0.2596,-0.456,0.0526,-0.3611,0.1152,-0.0142,2026-04-27,276.86,278.23,276.25,277.1,801245.0,276.95763
2026-04-27T23:26:58.279,2,4,IWM260501P00278000,IWM,2026-05-01,put,278.0,3.02,29.0,3.08,38.0,3.05,3.08,9.0,0.2512,-0.5095,0.0546,-0.3495,0.1159,-0.0158,2026-04-27,276.86,278.23,276.25,277.1,801245.0,276.95763
2026-04-27T23:26:58.279,2,4,IWM260501P00279000,IWM,2026-05-01,put,279.0,3.59,12.0,3.63,31.0,3.61,3.82,1.0,0.2523,-0.5633,0.0537,-0.3451,0.1145,-0.0175,2026-04-27,276.86,278.23,276.25,277.1,801245.0,276.95763
2026-04-27T23:26:58.279,2,4,IWM260501P00280000,IWM,2026-05-01,put,280.0,4.09,17.0,4.26,118.0,4.175,4.21,1.0,0.2492,-0.6175,0.0527,-0.3279,0.1109,-0.0192,2026-04-27,276.86,278.23,276.25,277.1,801245.0,276.95763
2026-04-27T23:26:58.279,2,4,IWM260501P00281000,IWM,2026-05-01,put,281.0,4.76,17.0,4.98,26.0,4.87,4.88,10.0,0.2532,-0.6658,0.0495,-0.3159,0.1058,-0.0208,2026-04-27,276.86,278.23,276.25,277.1,801245.0,276.95763
2026-04-27T23:26:58.279,2,4,IWM260501P00282000,IWM,2026-05-01,put,282.0,5.21,4.0,5.66,5.0,5.4350000000000005,5.92,2.0,0.2396,-0.7243,0.048,-0.2702,0.0971,-0.0226,2026-04-27,276.86,278.23,276.25,277.1,801245.0,276.95763
2026-04-27T23:26:58.279,2,4,IWM260501P00283000,IWM,2026-05-01,put,283.0,6.2,1.0,6.37,7.0,6.285,6.61,1.0,0.2502,-0.7595,0.0428,-0.2613,0.0905,-0.0238,2026-04-27,276.86,278.23,276.25,277.1,801245.0,276.95763
2026-04-27T23:26:58.279,2,4,IWM260501P00284000,IWM,2026-05-01,put,284.0,7.17,1.0,7.31,10.0,7.24,7.42,1.0,0.2702,-0.7808,0.0376,-0.2678,0.0859,-0.0245,2026-04-27,276.86,278.23,276.25,277.1,801245.0,276.95763
2026-04-27T23:26:58.279,2,4,IWM260501P00285000,IWM,2026-05-01,put,285.0,7.88,10.0,8.02,11.0,7.949999999999999,8.28,30.0,0.2576,-0.8276,0.0341,-0.2152,0.0742,-0.0261,2026-04-27,276.86,278.23,276.25,277.1,801245.0,276.95763
2026-04-27T23:26:58.279,2,4,IWM260501P00286000,IWM,2026-05-01,put,286.0,8.82,8.0,9.05,10.0,8.935,9.49,1.0,0.2775,-0.8403,0.0301,-0.2209,0.0706,-0.0265,2026-04-27,276.86,278.23,276.25,277.1,801245.0,276.95763
2026-04-27T23:26:58.279,2,4,IWM260501P00287000,IWM,2026-05-01,put,287.0,9.94,13.0,10.08,7.0,10.01,10.39,1.0,0.3097,-0.8405,0.027,-0.249,0.0706,-0.0267,2026-04-27,276.86,278.23,276.25,277.1,801245.0,276.95763
2026-04-27T23:26:58.279,2,4,IWM260501P00288000,IWM,2026-05-01,put,288.0,11.04,5.0,11.17,1.0,11.105,11.25,1.0,0.3447,-0.8385,0.0244,-0.2823,0.0711,-0.0267,2026-04-27,276.86,278.23,276.25,277.1,801245.0,276.95763
2026-04-27T23:26:58.279,2,4,IWM260501P00289000,IWM,2026-05-01,put,289.0,11.78,8.0,11.88,10.0,11.83,11.86,1.0,0.3232,-0.8767,0.0217,-0.214,0.0593,-0.028,2026-04-27,276.86,278.23,276.25,277.1,801245.0,276.95763
2026-04-27T23:26:58.279,2,4,IWM260501P00290000,IWM,2026-05-01,put,290.0,13.08,12.0,13.18,13.0,13.129999999999999,13.34,1.0,0.3906,-0.8501,0.0205,-0.3059,0.0677,-0.0273,2026-04-27,276.86,278.23,276.25,277.1,801245.0,276.95763
2026-04-27T23:26:58.279,2,4,IWM260501P00291000,IWM,2026-05-01,put,291.0,13.75,5.0,13.98,11.0,13.865,14.33,2.0,0.3682,-0.8833,0.0183,-0.2366,0.057,-0.0284,2026-04-27,276.86,278.23,276.25,277.1,801245.0,276.95763
2026-04-27T23:26:58.279,2,4,IWM260501P00292000,IWM,2026-05-01,put,292.0,14.61,6.0,14.95,11.0,14.78,14.98,1.0,0.3714,-0.8978,0.0165,-0.2143,0.0518,-0.0289,2026-04-27,276.86,278.23,276.25,277.1,801245.0,276.95763
2026-04-27T23:26:58.279,2,4,IWM260501P00293000,IWM,2026-05-01,put,293.0,15.82,5.0,16.03,10.0,15.925,,,0.417,-0.8858,0.0159,-0.2666,0.0561,-0.0287,2026-04-27,276.86,278.23,276.25,277.1,801245.0,276.95763
2026-04-27T23:26:58.279,2,4,IWM260501P00294000,IWM,2026-05-01,put,294.0,16.82,10.0,16.93,10.0,16.875,17.14,1.0,0.4265,-0.8948,0.0147,-0.2556,0.0529,-0.0291,2026-04-27,276.86,278.23,276.25,277.1,801245.0,276.95763
2026-04-27T23:26:58.279,2,4,IWM260501P00295000,IWM,2026-05-01,put,295.0,17.8,12.0,17.98,13.0,17.89,18.04,5.0,0.4477,-0.8968,0.0138,-0.2655,0.0522,-0.0292,2026-04-27,276.86,278.23,276.25,277.1,801245.0,276.95763
2026-04-27T23:26:58.279,2,4,IWM260501P00296000,IWM,2026-05-01,put,296.0,18.66,10.0,19.03,11.0,18.845,19.59,1.0,0.4569,-0.9046,0.0128,-0.2546,0.0493,-0.0296,2026-04-27,276.86,278.23,276.25,277.1,801245.0,276.95763
2026-04-27T23:26:58.279,2,4,IWM260501P00297000,IWM,2026-05-01,put,297.0,19.88,10.0,19.91,11.0,19.895,,,0.4848,-0.9026,0.0122,-0.2764,0.05,-0.0296,2026-04-27,276.86,278.23,276.25,277.1,801245.0,276.95763
2026-04-27T23:26:58.279,2,4,IWM260501P00298000,IWM,2026-05-01,put,298.0,20.68,10.0,20.98,1.0,20.83,,,0.489,-0.9116,0.0113,-0.2574,0.0466,-0.03,2026-04-27,276.86,278.23,276.25,277.1,801245.0,276.95763
2026-04-27T23:26:58.279,2,4,IWM260501P00299000,IWM,2026-05-01,put,299.0,21.47,10.0,22.17,10.0,21.82,,,0.504,-0.915,0.0106,-0.2575,0.0452,-0.0302,2026-04-27,276.86,278.23,276.25,277.1,801245.0,276.95763
2026-04-27T23:26:58.279,2,4,IWM260501P00300000,IWM,2026-05-01,put,300.0,22.84,12.0,22.91,1.0,22.875,22.93,1.0,0.5332,-0.9121,0.0103,-0.2815,0.0464,-0.0303,2026-04-27,276.86,278.23,276.25,277.1,801245.0,276.95763
2026-04-27T23:26:58.279,2,4,IWM260501P00305000,IWM,2026-05-01,put,305.0,28.29,1.0,28.41,1.0,28.35,27.37,1.0,0.7138,-0.888,0.0092,-0.4665,0.0554,-0.0301,2026-04-27,276.86,278.23,276.25,277.1,801245.0,276.95763
2026-04-27T23:26:58.279,2,4,IWM260501P00310000,IWM,2026-05-01,put,310.0,33.02,1.0,33.32,1.0,33.17,,,0.7648,-0.9087,0.0074,-0.4276,0.0477,-0.0313,2026-04-27,276.86,278.23,276.25,277.1,801245.0,276.95763
2026-04-27T23:26:58.279,2,4,IWM260501P00315000,IWM,2026-05-01,put,315.0,37.77,1.0,38.54,6.0,38.155,40.29,1.0,0.8429,-0.9167,0.0063,-0.4404,0.0446,-0.0321,2026-04-27,276.86,278.23,276.25,277.1,801245.0,276.95763
2026-04-27T23:26:58.279,2,4,IWM260501P00320000,IWM,2026-05-01,put,320.0,42.19,2.0,43.7,7.0,42.945,,,0.8681,-0.9349,0.005,-0.3701,0.0369,-0.0332,2026-04-27,276.86,278.23,276.25,277.1,801245.0,276.95763
2026-04-27T23:26:58.279,7,7,IWM260504C00180000,IWM,2026-05-04,call,180.0,98.92,1.0,99.06,1.0,98.99000000000001,,,,,,,,,2026-04-27,276.86,278.23,276.25,277.1,801245.0,276.95763
2026-04-27T23:26:58.279,7,7,IWM260504C00190000,IWM,2026-05-04,call,190.0,88.57,1.0,88.71,1.0,88.63999999999999,,,,,,,,,2026-04-27,276.86,278.23,276.25,277.1,801245.0,276.95763
2026-04-27T23:26:58.279,7,7,IWM260504C00200000,IWM,2026-05-04,call,200.0,77.37,1.0,78.27,1.0,77.82,,,,,,,,,2026-04-27,276.86,278.23,276.25,277.1,801245.0,276.95763
2026-04-27T23:26:58.279,7,7,IWM260504C00205000,IWM,2026-05-04,call,205.0,71.24,1.0,73.17,1.0,72.205,,,,,,,,,2026-04-27,276.86,278.23,276.25,277.1,801245.0,276.95763
2026-04-27T23:26:58.279,7,7,IWM260504C00210000,IWM,2026-05-04,call,210.0,66.43,1.0,67.65,10.0,67.04,,,,,,,,,2026-04-27,276.86,278.23,276.25,277.1,801245.0,276.95763
2026-04-27T23:26:58.279,7,7,IWM260504C00215000,IWM,2026-05-04,call,215.0,63.05,1.0,63.19,10.0,63.12,,,,,,,,,2026-04-27,276.86,278.23,276.25,277.1,801245.0,276.95763
2026-04-27T23:26:58.279,7,7,IWM260504C00220000,IWM,2026-05-04,call,220.0,57.91,1.0,58.05,1.0,57.98,,,0.8209,0.9825,0.0014,-0.1186,0.0166,0.0412,2026-04-27,276.86,278.23,276.25,277.1,801245.0,276.95763
2026-04-27T23:26:58.279,7,7,IWM260504C00225000,IWM,2026-05-04,call,225.0,52.44,1.0,52.58,10.0,52.51,,,,,,,,,2026-04-27,276.86,278.23,276.25,277.1,801245.0,276.95763
2026-04-27T23:26:58.279,7,7,IWM260504C00230000,IWM,2026-05-04,call,230.0,47.13,1.0,47.28,10.0,47.205,,,,,,,,,2026-04-27,276.86,278.23,276.25,277.1,801245.0,276.95763
2026-04-27T23:26:58.279,7,7,IWM260504C00235000,IWM,2026-05-04,call,235.0,42.22,1.0,43.09,1.0,42.655,,,,,,,,,2026-04-27,276.86,278.23,276.25,277.1,801245.0,276.95763
2026-04-27T23:26:58.279,7,7,IWM260504C00240000,IWM,2026-05-04,call,240.0,37.06,10.0,37.21,1.0,37.135000000000005,38.59,1.0,,,,,,,2026-04-27,276.86,278.23,276.25,277.1,801245.0,276.95763
2026-04-27T23:26:58.279,7,7,IWM260504C00245000,IWM,2026-05-04,call,245.0,31.58,1.0,32.54,1.0,32.06,32.45,1.0,,,,,,,2026-04-27,276.86,278.23,276.25,277.1,801245.0,276.95763
2026-04-27T23:26:58.279,7,7,IWM260504C00246000,IWM,2026-05-04,call,246.0,30.94,1.0,31.81,1.0,31.375,31.89,1.0,,,,,,,2026-04-27,276.86,278.23,276.25,277.1,801245.0,276.95763
2026-04-27T23:26:58.279,7,7,IWM260504C00247000,IWM,2026-05-04,call,247.0,30.71,10.0,30.86,10.0,30.785,30.47,1.0,,,,,,,2026-04-27,276.86,278.23,276.25,277.1,801245.0,276.95763
2026-04-27T23:26:58.279,7,7,IWM260504C00248000,IWM,2026-05-04,call,248.0,29.4,1.0,29.58,1.0,29.49,29.82,1.0,,,,,,,2026-04-27,276.86,278.23,276.25,277.1,801245.0,276.95763
2026-04-27T23:26:58.279,7,7,IWM260504C00249000,IWM,2026-05-04,call,249.0,27.75,1.0,28.12,1.0,27.935000000000002,28.63,1.0,,,,,,,2026-04-27,276.86,278.23,276.25,277.1,801245.0,276.95763
2026-04-27T23:26:58.279,7,7,IWM260504C00250000,IWM,2026-05-04,call,250.0,26.84,10.0,27.45,6.0,27.145,27.78,1.0,,,,,,,2026-04-27,276.86,278.23,276.25,277.1,801245.0,276.95763
2026-04-27T23:26:58.279,7,7,IWM260504C00251000,IWM,2026-05-04,call,251.0,25.71,10.0,26.81,1.0,26.259999999999998,25.82,1.0,,,,,,,2026-04-27,276.86,278.23,276.25,277.1,801245.0,276.95763
2026-04-27T23:26:58.279,7,7,IWM260504C00252000,IWM,2026-05-04,call,252.0,25.47,1.0,25.64,1.0,25.555,25.11,1.0,,,,,,,2026-04-27,276.86,278.23,276.25,277.1,801245.0,276.95763
2026-04-27T23:26:58.279,7,7,IWM260504C00253000,IWM,2026-05-04,call,253.0,24.36,6.0,24.5,6.0,24.43,,,,,,,,,2026-04-27,276.86,278.23,276.25,277.1,801245.0,276.95763
2026-04-27T23:26:58.279,7,7,IWM260504C00254000,IWM,2026-05-04,call,254.0,23.23,6.0,23.83,6.0,23.53,23.85,5.0,,,,,,,2026-04-27,276.86,278.23,276.25,277.1,801245.0,276.95763
2026-04-27T23:26:58.279,7,7,IWM260504C00255000,IWM,2026-05-04,call,255.0,21.84,6.0,22.45,1.0,22.145,21.83,1.0,,,,,,,2026-04-27,276.86,278.23,276.25,277.1,801245.0,276.95763
2026-04-27T23:26:58.279,7,7,IWM260504C00256000,IWM,2026-05-04,call,256.0,21.38,10.0,21.85,1.0,21.615000000000002,20.94,3.0,,,,,,,2026-04-27,276.86,278.23,276.25,277.1,801245.0,276.95763
2026-04-27T23:26:58.279,7,7,IWM260504C00257000,IWM,2026-05-04,call,257.0,19.93,6.0,20.77,6.0,20.35,,,,,,,,,2026-04-27,276.86,278.23,276.25,277.1,801245.0,276.95763
2026-04-27T23:26:58.279,7,7,IWM260504C00258000,IWM,2026-05-04,call,258.0,19.59,6.0,19.73,1.0,19.66,,,,,,,,,2026-04-27,276.86,278.23,276.25,277.1,801245.0,276.95763
2026-04-27T23:26:58.279,7,7,IWM260504C00259000,IWM,2026-05-04,call,259.0,18.39,1.0,18.74,1.0,18.564999999999998,18.94,1.0,,,,,,,2026-04-27,276.86,278.23,276.25,277.1,801245.0,276.95763
2026-04-27T23:26:58.279,7,7,IWM260504C00260000,IWM,2026-05-04,call,260.0,17.52,10.0,17.67,1.0,17.595,17.79,1.0,,,,,,,2026-04-27,276.86,278.23,276.25,277.1,801245.0,276.95763
2026-04-27T23:26:58.279,7,7,IWM260504C00261000,IWM,2026-05-04,call,261.0,16.28,6.0,16.49,1.0,16.384999999999998,16.44,1.0,,,,,,,2026-04-27,276.86,278.23,276.25,277.1,801245.0,276.95763
2026-04-27T23:26:58.279,7,7,IWM260504C00262000,IWM,2026-05-04,call,262.0,15.17,10.0,15.56,6.0,15.365,15.79,1.0,,,,,,,2026-04-27,276.86,278.23,276.25,277.1,801245.0,276.95763
2026-04-27T23:26:58.279,7,7,IWM260504C00263000,IWM,2026-05-04,call,263.0,14.29,10.0,14.82,1.0,14.555,14.22,1.0,,,,,,,2026-04-27,276.86,278.23,276.25,277.1,801245.0,276.95763
2026-04-27T23:26:58.279,7,7,IWM260504C00264000,IWM,2026-05-04,call,264.0,13.54,15.0,13.69,9.0,13.614999999999998,13.29,1.0,,,,,,,2026-04-27,276.86,278.23,276.25,277.1,801245.0,276.95763
2026-04-27T23:26:58.279,7,7,IWM260504C00265000,IWM,2026-05-04,call,265.0,12.81,11.0,12.93,4.0,12.870000000000001,13.09,1.0,0.1756,0.9746,0.0088,-0.0542,0.0227,0.0494,2026-04-27,276.86,278.23,276.25,277.1,801245.0,276.95763
2026-04-27T23:26:58.279,7,7,IWM260504C00266000,IWM,2026-05-04,call,266.0,11.74,15.0,11.78,12.0,11.76,11.65,1.0,,,,,,,2026-04-27,276.86,278.23,276.25,277.1,801245.0,276.95763
2026-04-27T23:26:58.279,7,7,IWM260504C00267000,IWM,2026-05-04,call,267.0,10.69,12.0,10.91,6.0,10.8,10.73,1.0,,,,,,,2026-04-27,276.86,278.23,276.25,277.1,801245.0,276.95763
2026-04-27T23:26:58.279,7,7,IWM260504C00268000,IWM,2026-05-04,call,268.0,9.83,14.0,9.94,18.0,9.885,10.26,4.0,0.1444,0.9647,0.014,-0.0566,0.0299,0.0495,2026-04-27,276.86,278.23,276.25,277.1,801245.0,276.95763
2026-04-27T23:26:58.279,7,7,IWM260504C00269000,IWM,2026-05-04,call,269.0,9.19,16.0,9.36,18.0,9.274999999999999,8.86,1.0,0.2014,0.879,0.026,-0.1347,0.0774,0.045,2026-04-27,276.86,278.23,276.25,277.1,801245.0,276.95763
2026-04-27T23:26:58.279,7,7,IWM260504C00270000,IWM,2026-05-04,call,270.0,8.36,12.0,8.41,30.0,8.385,8.01,1.0,0.1978,0.8543,0.0301,-0.147,0.0879,0.0439,2026-04-27,276.86,278.23,276.25,277.1,801245.0,276.95763
2026-04-27T23:26:58.279,7,7,IWM260504C00271000,IWM,2026-05-04,call,271.0,7.56,15.0,7.65,16.0,7.605,7.36,1.0,0.2028,0.8154,0.0342,-0.1702,0.1025,0.042,2026-04-27,276.86,278.23,276.25,277.1,801245.0,276.95763
2026-04-27T23:26:58.279,7,7,IWM260504C00272000,IWM,2026-05-04,call,272.0,6.64,24.0,6.77,25.0,6.705,6.75,1.0,0.1929,0.7896,0.0389,-0.174,0.1109,0.0408,2026-04-27,276.86,278.23,276.25,277.1,801245.0,276.95763
2026-04-27T23:26:58.279,7,7,IWM260504C00273000,IWM,2026-05-04,call,273.0,5.96,16.0,6.02,2.0,5.99,5.96,2.0,0.1966,0.7439,0.0426,-0.1937,0.1237,0.0385,2026-04-27,276.86,278.23,276.25,277.1,801245.0,276.95763
2026-04-27T23:26:58.279,7,7,IWM260504C00274000,IWM,2026-05-04,call,274.0,5.11,17.0,5.24,16.0,5.175000000000001,5.16,1.0,0.1889,0.7059,0.0474,-0.1977,0.1325,0.0366,2026-04-27,276.86,278.23,276.25,277.1,801245.0,276.95763
2026-04-27T23:26:58.279,7,7,IWM260504C00275000,IWM,2026-05-04,call,275.0,4.47,29.0,4.62,5.0,4.545,4.53,5.0,0.1918,0.6541,0.05,-0.2119,0.1418,0.034,2026-04-27,276.86,278.23,276.25,277.1,801245.0,276.95763
2026-04-27T23:26:58.279,7,7,IWM260504C00276000,IWM,2026-05-04,call,276.0,3.85,45.0,3.89,32.0,3.87,3.74,1.0,0.188,0.6044,0.0533,-0.2152,0.1481,0.0314,2026-04-27,276.86,278.23,276.25,277.1,801245.0,276.95763
2026-04-27T23:26:58.279,7,7,IWM260504C00277000,IWM,2026-05-04,call,277.0,3.26,63.0,3.39,33.0,3.325,3.26,1.0,0.1894,0.5497,0.0544,-0.2207,0.1522,0.0286,2026-04-27,276.86,278.23,276.25,277.1,801245.0,276.95763
2026-04-27T23:26:58.279,7,7,IWM260504C00278000,IWM,2026-05-04,call,278.0,2.74,44.0,2.82,40.0,2.7800000000000002,2.74,1.0,0.1872,0.4948,0.0554,-0.2185,0.1534,0.0258,2026-04-27,276.86,278.23,276.25,277.1,801245.0,276.95763
2026-04-27T23:26:58.279,7,7,IWM260504C00279000,IWM,2026-05-04,call,279.0,2.25,43.0,2.28,74.0,2.2649999999999997,2.29,3.0,0.1834,0.4384,0.0559,-0.2104,0.1515,0.0229,2026-04-27,276.86,278.23,276.25,277.1,801245.0,276.95763
2026-04-27T23:26:58.279,7,7,IWM260504C00280000,IWM,2026-05-04,call,280.0,1.86,10.0,1.88,38.0,1.87,1.86,11.0,0.1837,0.3839,0.0541,-0.2031,0.1468,0.0201,2026-04-27,276.86,278.23,276.25,277.1,801245.0,276.95763
2026-04-27T23:26:58.279,7,7,IWM260504C00281000,IWM,2026-05-04,call,281.0,1.48,37.0,1.5,26.0,1.49,1.45,13.0,0.1814,0.3295,0.0519,-0.1893,0.1391,0.0173,2026-04-27,276.86,278.23,276.25,277.1,801245.0,276.95763
2026-04-27T23:26:58.279,7,7,IWM260504C00282000,IWM,2026-05-04,call,282.0,1.16,22.0,1.17,5.0,1.165,1.1,2.0,0.1792,0.2774,0.0487,-0.1724,0.1288,0.0145,2026-04-27,276.86,278.23,276.25,277.1,801245.0,276.95763
2026-04-27T23:26:58.279,7,7,IWM260504C00283000,IWM,2026-05-04,call,283.0,0.85,81.0,0.91,1.0,0.88,0.85,1.0,0.1758,0.2274,0.0446,-0.1519,0.116,0.0119,2026-04-27,276.86,278.23,276.25,277.1,801245.0,276.95763
2026-04-27T23:26:58.279,7,7,IWM260504C00284000,IWM,2026-05-04,call,284.0,0.67,74.0,0.7,58.0,0.685,0.67,16.0,0.1762,0.1867,0.0396,-0.135,0.1032,0.0098,2026-04-27,276.86,278.23,276.25,277.1,801245.0,276.95763
2026-04-27T23:26:58.279,7,7,IWM260504C00285000,IWM,2026-05-04,call,285.0,0.5,219.0,0.53,140.0,0.515,0.49,3.0,0.1753,0.1493,0.0345,-0.116,0.0893,0.0078,2026-04-27,276.86,278.23,276.25,277.1,801245.0,276.95763
2026-04-27T23:26:58.279,7,7,IWM260504C00286000,IWM,2026-05-04,call,286.0,0.33,232.0,0.4,192.0,0.365,0.35,2.0,0.1724,0.1142,0.0291,-0.0946,0.0743,0.006,2026-04-27,276.86,278.23,276.25,277.1,801245.0,276.95763
2026-04-27T23:26:58.279,7,7,IWM260504C00287000,IWM,2026-05-04,call,287.0,0.23,254.0,0.26,150.0,0.245,0.27,5.0,0.1686,0.0835,0.0237,-0.0734,0.059,0.0044,2026-04-27,276.86,278.23,276.25,277.1,801245.0,276.95763
2026-04-27T23:26:58.279,7,7,IWM260504C00288000,IWM,2026-05-04,call,288.0,0.21,37.0,0.22,87.0,0.215,0.19,1.0,0.1765,0.072,0.0202,-0.0684,0.0527,0.0038,2026-04-27,276.86,278.23,276.25,277.1,801245.0,276.95763
2026-04-27T23:26:58.279,7,7,IWM260504C00289000,IWM,2026-05-04,call,289.0,0.15,91.0,0.17,96.0,0.16,0.16,1.0,0.1776,0.0556,0.0164,-0.0563,0.0432,0.0029,2026-04-27,276.86,278.23,276.25,277.1,801245.0,276.95763
2026-04-27T23:26:58.279,7,7,IWM260504C00290000,IWM,2026-05-04,call,290.0,0.07,161.0,0.13,115.0,0.1,0.12,2.0,0.1733,0.0378,0.0124,-0.0402,0.0316,0.002,2026-04-27,276.86,278.23,276.25,277.1,801245.0,276.95763
2026-04-27T23:26:58.279,7,7,IWM260504C00291000,IWM,2026-05-04,call,291.0,0.09,89.0,0.11,311.0,0.1,0.07,2.0,0.1846,0.0358,0.0111,-0.0409,0.0303,0.0019,2026-04-27,276.86,278.23,276.25,277.1,801245.0,276.95763
2026-04-27T23:26:58.279,7,7,IWM260504C00292000,IWM,2026-05-04,call,292.0,0.07,83.0,0.09,239.0,0.08,0.12,2.0,0.1883,0.0289,0.0091,-0.0349,0.0254,0.0015,2026-04-27,276.86,278.23,276.25,277.1,801245.0,276.95763
2026-04-27T23:26:58.279,7,7,IWM260504C00293000,IWM,2026-05-04,call,293.0,0.05,174.0,0.07,52.0,0.060000000000000005,0.06,1.0,0.19,0.0223,0.0073,-0.0283,0.0204,0.0012,2026-04-27,276.86,278.23,276.25,277.1,801245.0,276.95763
2026-04-27T23:26:58.279,7,7,IWM260504C00294000,IWM,2026-05-04,call,294.0,0.01,262.0,0.07,346.0,0.04,0.07,1.0,0.1887,0.0156,0.0054,-0.0207,0.0151,0.0008,2026-04-27,276.86,278.23,276.25,277.1,801245.0,276.95763
2026-04-27T23:26:58.279,7,7,IWM260504C00295000,IWM,2026-05-04,call,295.0,0.01,110.0,0.06,203.0,0.034999999999999996,0.05,4.0,0.1947,0.0135,0.0046,-0.0188,0.0133,0.0007,2026-04-27,276.86,278.23,276.25,277.1,801245.0,276.95763
2026-04-27T23:26:58.279,7,7,IWM260504C00296000,IWM,2026-05-04,call,296.0,0.01,212.0,0.05,101.0,0.030000000000000002,,,0.2,0.0114,0.0039,-0.0168,0.0115,0.0006,2026-04-27,276.86,278.23,276.25,277.1,801245.0,276.95763
2026-04-27T23:26:58.279,7,7,IWM260504C00297000,IWM,2026-05-04,call,297.0,0.01,360.0,0.03,337.0,0.02,0.02,10.0,0.1989,0.008,0.0029,-0.0122,0.0084,0.0004,2026-04-27,276.86,278.23,276.25,277.1,801245.0,276.95763
2026-04-27T23:26:58.279,7,7,IWM260504C00298000,IWM,2026-05-04,call,298.0,0.0,0.0,0.05,177.0,0.025,0.05,9.0,,,,,,,2026-04-27,276.86,278.23,276.25,277.1,801245.0,276.95763
2026-04-27T23:26:58.279,7,7,IWM260504C00299000,IWM,2026-05-04,call,299.0,0.0,0.0,0.01,118.0,0.005,,,,,,,,,2026-04-27,276.86,278.23,276.25,277.1,801245.0,276.95763
2026-04-27T23:26:58.279,7,7,IWM260504C00300000,IWM,2026-05-04,call,300.0,0.0,0.0,0.04,104.0,0.02,,,,,,,,,2026-04-27,276.86,278.23,276.25,277.1,801245.0,276.95763
2026-04-27T23:26:58.279,7,7,IWM260504C00305000,IWM,2026-05-04,call,305.0,0.0,0.0,0.04,120.0,0.02,0.04,5.0,,,,,,,2026-04-27,276.86,278.23,276.25,277.1,801245.0,276.95763
2026-04-27T23:26:58.279,7,7,IWM260504C00310000,IWM,2026-05-04,call,310.0,0.0,0.0,0.01,121.0,0.005,,,,,,,,,2026-04-27,276.86,278.23,276.25,277.1,801245.0,276.95763
2026-04-27T23:26:58.279,7,7,IWM260504C00315000,IWM,2026-05-04,call,315.0,0.0,0.0,0.04,117.0,0.02,,,,,,,,,2026-04-27,276.86,278.23,276.25,277.1,801245.0,276.95763
2026-04-27T23:26:58.279,7,7,IWM260504C00320000,IWM,2026-05-04,call,320.0,0.0,0.0,0.03,13.0,0.015,,,,,,,,,2026-04-27,276.86,278.23,276.25,277.1,801245.0,276.95763
2026-04-27T23:26:58.279,7,7,IWM260504P00180000,IWM,2026-05-04,put,180.0,0.0,0.0,0.01,113.0,0.005,,,,,,,,,2026-04-27,276.86,278.23,276.25,277.1,801245.0,276.95763
2026-04-27T23:26:58.279,7,7,IWM260504P00190000,IWM,2026-05-04,put,190.0,0.0,0.0,0.03,113.0,0.015,,,,,,,,,2026-04-27,276.86,278.23,276.25,277.1,801245.0,276.95763
2026-04-27T23:26:58.279,7,7,IWM260504P00200000,IWM,2026-05-04,put,200.0,0.0,0.0,0.01,117.0,0.005,,,,,,,,,2026-04-27,276.86,278.23,276.25,277.1,801245.0,276.95763
2026-04-27T23:26:58.279,7,7,IWM260504P00205000,IWM,2026-05-04,put,205.0,0.0,0.0,0.03,15.0,0.015,,,,,,,,,2026-04-27,276.86,278.23,276.25,277.1,801245.0,276.95763
2026-04-27T23:26:58.279,7,7,IWM260504P00210000,IWM,2026-05-04,put,210.0,0.0,0.0,0.03,15.0,0.015,,,,,,,,,2026-04-27,276.86,278.23,276.25,277.1,801245.0,276.95763
2026-04-27T23:26:58.279,7,7,IWM260504P00215000,IWM,2026-05-04,put,215.0,0.0,0.0,0.01,115.0,0.005,,,,,,,,,2026-04-27,276.86,278.23,276.25,277.1,801245.0,276.95763
2026-04-27T23:26:58.279,7,7,IWM260504P00220000,IWM,2026-05-04,put,220.0,0.0,0.0,0.01,152.0,0.005,,,,,,,,,2026-04-27,276.86,278.23,276.25,277.1,801245.0,276.95763
2026-04-27T23:26:58.279,7,7,IWM260504P00225000,IWM,2026-05-04,put,225.0,0.0,0.0,0.01,118.0,0.005,0.05,23.0,,,,,,,2026-04-27,276.86,278.23,276.25,277.1,801245.0,276.95763
2026-04-27T23:26:58.279,7,7,IWM260504P00230000,IWM,2026-05-04,put,230.0,0.0,0.0,0.04,204.0,0.02,0.04,3.0,,,,,,,2026-04-27,276.86,278.23,276.25,277.1,801245.0,276.95763
2026-04-27T23:26:58.279,7,7,IWM260504P00235000,IWM,2026-05-04,put,235.0,0.0,0.0,0.01,115.0,0.005,0.14,1.0,,,,,,,2026-04-27,276.86,278.23,276.25,277.1,801245.0,276.95763
2026-04-27T23:26:58.279,7,7,IWM260504P00240000,IWM,2026-05-04,put,240.0,0.01,104.0,0.03,210.0,0.02,0.07,2.0,0.4037,-0.0041,0.0008,-0.0133,0.0046,-0.0002,2026-04-27,276.86,278.23,276.25,277.1,801245.0,276.95763
2026-04-27T23:26:58.279,7,7,IWM260504P00245000,IWM,2026-05-04,put,245.0,0.01,132.0,0.02,151.0,0.015,0.06,1.0,0.3415,-0.0037,0.0008,-0.0102,0.0042,-0.0002,2026-04-27,276.86,278.23,276.25,277.1,801245.0,276.95763
2026-04-27T23:26:58.279,7,7,IWM260504P00246000,IWM,2026-05-04,put,246.0,0.01,168.0,0.02,355.0,0.015,0.06,2.0,0.3315,-0.0038,0.0009,-0.0101,0.0043,-0.0002,2026-04-27,276.86,278.23,276.25,277.1,801245.0,276.95763
2026-04-27T23:26:58.279,7,7,IWM260504P00247000,IWM,2026-05-04,put,247.0,0.05,3.0,0.06,83.0,0.055,0.06,2.0,0.3747,-0.011,0.002,-0.0294,0.0111,-0.0006,2026-04-27,276.86,278.23,276.25,277.1,801245.0,276.95763
2026-04-27T23:26:58.279,7,7,IWM260504P00248000,IWM,2026-05-04,put,248.0,0.01,170.0,0.03,138.0,0.02,0.03,1.0,0.3214,-0.005,0.0012,-0.0127,0.0056,-0.0003,2026-04-27,276.86,278.23,276.25,277.1,801245.0,276.95763
2026-04-27T23:26:58.279,7,7,IWM260504P00249000,IWM,2026-05-04,put,249.0,0.01,113.0,0.03,102.0,0.02,0.04,2.0,0.3112,-0.0052,0.0013,-0.0127,0.0058,-0.0003,2026-04-27,276.86,278.23,276.25,277.1,801245.0,276.95763
2026-04-27T23:26:58.279,7,7,IWM260504P00250000,IWM,2026-05-04,put,250.0,0.01,218.0,0.07,158.0,0.04,0.08,2.0,0.327,-0.0093,0.002,-0.0223,0.0096,-0.0005,2026-04-27,276.86,278.23,276.25,277.1,801245.0,276.95763
2026-04-27T23:26:58.279,7,7,IWM260504P00251000,IWM,2026-05-04,put,251.0,0.02,162.0,0.04,507.0,0.03,0.07,2.0,0.3049,-0.0077,0.0018,-0.0175,0.0081,-0.0004,2026-04-27,276.86,278.23,276.25,277.1,801245.0,276.95763
2026-04-27T23:26:58.279,7,7,IWM260504P00252000,IWM,2026-05-04,put,252.0,0.06,368.0,0.08,121.0,0.07,0.3,1.0,0.3293,-0.0153,0.003,-0.0344,0.0148,-0.0008,2026-04-27,276.86,278.23,276.25,277.1,801245.0,276.95763
2026-04-27T23:26:58.279,7,7,IWM260504P00253000,IWM,2026-05-04,put,253.0,0.03,247.0,0.09,310.0,0.06,0.09,1.0,0.3108,-0.0141,0.003,-0.0302,0.0138,-0.0008,2026-04-27,276.86,278.23,276.25,277.1,801245.0,276.95763
2026-04-27T23:26:58.279,7,7,IWM260504P00254000,IWM,2026-05-04,put,254.0,0.04,136.0,0.06,153.0,0.05,0.11,3.0,0.2919,-0.0126,0.0029,-0.0258,0.0126,-0.0007,2026-04-27,276.86,278.23,276.25,277.1,801245.0,276.95763
2026-04-27T23:26:58.279,7,7,IWM260504P00255000,IWM,2026-05-04,put,255.0,0.05,255.0,0.11,318.0,0.08,0.11,4.0,0.3004,-0.0188,0.004,-0.0373,0.0176,-0.001,2026-04-27,276.86,278.23,276.25,277.1,801245.0,276.95763
2026-04-27T23:26:58.279,7,7,IWM260504P00256000,IWM,2026-05-04,put,256.0,0.1,313.0,0.13,383.0,0.115,0.12,10.0,0.3058,-0.0255,0.005,-0.0491,0.0228,-0.0014,2026-04-27,276.86,278.23,276.25,277.1,801245.0,276.95763
2026-04-27T23:26:58.279,7,7,IWM260504P00257000,IWM,2026-05-04,put,257.0,0.08,118.0,0.1,131.0,0.09,0.14,1.0,0.282,-0.022,0.0048,-0.0401,0.0202,-0.0012,2026-04-27,276.86,278.23,276.25,277.1,801245.0,276.95763
2026-04-27T23:26:58.279,7,7,IWM260504P00258000,IWM,2026-05-04,put,258.0,0.1,197.0,0.16,140.0,0.13,0.14,3.0,0.2871,-0.03,0.0062,-0.0528,0.0262,-0.0016,2026-04-27,276.86,278.23,276.25,277.1,801245.0,276.95763
2026-04-27T23:26:58.279,7,7,IWM260504P00259000,IWM,2026-05-04,put,259.0,0.17,161.0,0.19,318.0,0.18,0.19,2.0,0.2913,-0.0393,0.0076,-0.0669,0.0327,-0.0021,2026-04-27,276.86,278.23,276.25,277.1,801245.0,276.95763
2026-04-27T23:26:58.279,7,7,IWM260504P00260000,IWM,2026-05-04,put,260.0,0.2,70.0,0.22,252.0,0.21000000000000002,0.18,1.0,0.2867,-0.0456,0.0087,-0.0741,0.0368,-0.0025,2026-04-27,276.86,278.23,276.25,277.1,801245.0,276.95763
2026-04-27T23:26:58.279,7,7,IWM260504P00261000,IWM,2026-05-04,put,261.0,0.19,214.0,0.22,433.0,0.20500000000000002,0.25,10.0,0.2719,-0.0468,0.0094,-0.0717,0.0376,-0.0025,2026-04-27,276.86,278.23,276.25,277.1,801245.0,276.95763
2026-04-27T23:26:58.279,7,7,IWM260504P00262000,IWM,2026-05-04,put,262.0,0.24,5.0,0.3,49.0,0.27,0.29,1.0,0.2739,-0.0589,0.0111,-0.0866,0.0451,-0.0032,2026-04-27,276.86,278.23,276.25,277.1,801245.0,276.95763
2026-04-27T23:26:58.279,7,7,IWM260504P00263000,IWM,2026-05-04,put,263.0,0.29,103.0,0.31,193.0,0.3,0.32,1.0,0.266,-0.066,0.0126,-0.0919,0.0494,-0.0036,2026-04-27,276.86,278.23,276.25,277.1,801245.0,276.95763
2026-04-27T23:26:58.279,7,7,IWM260504P00264000,IWM,2026-05-04,put,264.0,0.35,80.0,0.38,423.0,0.365,0.4,1.0,0.2637,-0.0785,0.0145,-0.104,0.0564,-0.0043,2026-04-27,276.86,278.23,276.25,277.1,801245.0,276.95763
2026-04-27T23:26:58.279,7,7,IWM260504P00265000,IWM,2026-05-04,put,265.0,0.42,31.0,0.49,304.0,0.45499999999999996,0.44,2.0,0.2633,-0.0946,0.0166,-0.1192,0.0648,-0.0051,2026-04-27,276.86,278.23,276.25,277.1,801245.0,276.95763
2026-04-27T23:26:58.279,7,7,IWM260504P00266000,IWM,2026-05-04,put,266.0,0.5,61.0,0.57,152.0,0.5349999999999999,0.57,1.0,0.2592,-0.1096,0.0188,-0.1304,0.0721,-0.0059,2026-04-27,276.86,278.23,276.25,277.1,801245.0,276.95763
2026-04-27T23:26:58.279,7,7,IWM260504P00267000,IWM,2026-05-04,put,267.0,0.6,68.0,0.67,153.0,0.635,0.64,1.0,0.2558,-0.1275,0.0212,-0.143,0.0802,-0.0069,2026-04-27,276.86,278.23,276.25,277.1,801245.0,276.95763
2026-04-27T23:26:58.279,7,7,IWM260504P00268000,IWM,2026-05-04,put,268.0,0.71,188.0,0.79,186.0,0.75,0.75,1.0,0.2523,-0.1476,0.0238,-0.1556,0.0887,-0.008,2026-04-27,276.86,278.23,276.25,277.1,801245.0,276.95763
2026-04-27T23:26:58.279,7,7,IWM260504P00269000,IWM,2026-05-04,put,269.0,0.89,83.0,0.93,136.0,0.91,0.87,1.0,0.2514,-0.1727,0.0265,-0.1716,0.0983,-0.0094,2026-04-27,276.86,278.23,276.25,277.1,801245.0,276.95763
2026-04-27T23:26:58.279,7,7,IWM260504P00270000,IWM,2026-05-04,put,270.0,1.05,62.0,1.09,108.0,1.07,1.05,1.0,0.248,-0.1983,0.0292,-0.1841,0.1071,-0.0108,2026-04-27,276.86,278.23,276.25,277.1,801245.0,276.95763
2026-04-27T23:26:58.279,7,7,IWM260504P00271000,IWM,2026-05-04,put,271.0,1.2,22.0,1.24,58.0,1.22,1.23,1.0,0.2416,-0.224,0.0322,-0.1922,0.115,-0.0122,2026-04-27,276.86,278.23,276.25,277.1,801245.0,276.95763
2026-04-27T23:26:58.279,7,7,IWM260504P00272000,IWM,2026-05-04,put,272.0,1.45,135.0,1.46,205.0,1.455,1.51,1.0,0.2403,-0.2572,0.0349,-0.2056,0.124,-0.014,2026-04-27,276.86,278.23,276.25,277.1,801245.0,276.95763
2026-04-27T23:26:58.279,7,7,IWM260504P00273000,IWM,2026-05-04,put,273.0,1.7,97.0,1.71,153.0,1.705,1.71,1.0,0.2376,-0.2919,0.0376,-0.2158,0.132,-0.0159,2026-04-27,276.86,278.23,276.25,277.1,801245.0,276.95763
2026-04-27T23:26:58.279,7,7,IWM260504P00274000,IWM,2026-05-04,put,274.0,1.98,90.0,2.04,172.0,2.01,2.0,40.0,0.2363,-0.3304,0.0399,-0.2258,0.1393,-0.018,2026-04-27,276.86,278.23,276.25,277.1,801245.0,276.95763
2026-04-27T23:26:58.279,7,7,IWM260504P00275000,IWM,2026-05-04,put,275.0,2.26,42.0,2.3,86.0,2.28,2.32,5.0,0.2299,-0.3686,0.0427,-0.2276,0.145,-0.0201,2026-04-27,276.86,278.23,276.25,277.1,801245.0,276.95763
2026-04-27T23:26:58.279,7,7,IWM260504P00276000,IWM,2026-05-04,put,276.0,2.67,10.0,2.75,42.0,2.71,2.69,1.0,0.2317,-0.4129,0.0437,-0.2361,0.1497,-0.0225,2026-04-27,276.86,278.23,276.25,277.1,801245.0,276.95763
2026-04-27T23:26:58.279,7,7,IWM260504P00277000,IWM,2026-05-04,put,277.0,3.06,45.0,3.12,47.0,3.09,3.11,1.0,0.2273,-0.4566,0.0454,-0.2346,0.1525,-0.0249,2026-04-27,276.86,278.23,276.25,277.1,801245.0,276.95763
2026-04-27T23:26:58.279,7,7,IWM260504P00278000,IWM,2026-05-04,put,278.0,3.52,46.0,3.6,51.0,3.56,3.63,7.0,0.2259,-0.5023,0.0459,-0.2333,0.1534,-0.0274,2026-04-27,276.86,278.23,276.25,277.1,801245.0,276.95763
2026-04-27T23:26:58.279,7,7,IWM260504P00279000,IWM,2026-05-04,put,279.0,4.07,19.0,4.12,40.0,4.095000000000001,4.33,2.0,0.2258,-0.548,0.0456,-0.23,0.1523,-0.03,2026-04-27,276.86,278.23,276.25,277.1,801245.0,276.95763
2026-04-27T23:26:58.279,7,7,IWM260504P00280000,IWM,2026-05-04,put,280.0,4.63,11.0,4.74,23.0,4.6850000000000005,4.94,2.0,0.2263,-0.5927,0.0446,-0.2243,0.1492,-0.0325,2026-04-27,276.86,278.23,276.25,277.1,801245.0,276.95763
2026-04-27T23:26:58.279,7,7,IWM260504P00281000,IWM,2026-05-04,put,281.0,5.13,26.0,5.2,19.0,5.165,5.56,2.0,0.2161,-0.6428,0.0449,-0.2031,0.1434,-0.0352,2026-04-27,276.86,278.23,276.25,277.1,801245.0,276.95763
2026-04-27T23:26:58.279,7,7,IWM260504P00282000,IWM,2026-05-04,put,282.0,5.94,18.0,5.96,16.0,5.95,6.32,1.0,0.2242,-0.6795,0.0415,-0.2009,0.1376,-0.0373,2026-04-27,276.86,278.23,276.25,277.1,801245.0,276.95763
2026-04-27T23:26:58.279,7,7,IWM260504P00283000,IWM,2026-05-04,put,283.0,6.65,11.0,6.76,12.0,6.705,6.92,1.0,0.2276,-0.716,0.0387,-0.1914,0.1303,-0.0394,2026-04-27,276.86,278.23,276.25,277.1,801245.0,276.95763
2026-04-27T23:26:58.279,7,7,IWM260504P00284000,IWM,2026-05-04,put,284.0,7.23,12.0,7.63,12.0,7.43,7.77,1.0,0.226,-0.7542,0.0362,-0.1739,0.1211,-0.0416,2026-04-27,276.86,278.23,276.25,277.1,801245.0,276.95763
2026-04-27T23:26:58.279,7,7,IWM260504P00285000,IWM,2026-05-04,put,285.0,8.2,17.0,8.37,28.0,8.285,8.87,1.0,0.2327,-0.7812,0.033,-0.1662,0.1135,-0.0432,2026-04-27,276.86,278.23,276.25,277.1,801245.0,276.95763
2026-04-27T23:26:58.279,7,7,IWM260504P00286000,IWM,2026-05-04,put,286.0,9.01,6.0,9.19,10.0,9.1,9.26,1.0,0.2336,-0.811,0.0301,-0.1502,0.104,-0.0449,2026-04-27,276.86,278.23,276.25,277.1,801245.0,276.95763
2026-04-27T23:26:58.279,7,7,IWM260504P00287000,IWM,2026-05-04,put,287.0,10.06,6.0,10.16,1.0,10.11,10.46,1.0,0.2518,-0.82,0.0271,-0.1578,0.1009,-0.0456,2026-04-27,276.86,278.23,276.25,277.1,801245.0,276.95763
2026-04-27T23:26:58.279,7,7,IWM260504P00288000,IWM,2026-05-04,put,288.0,11.03,10.0,11.14,6.0,11.085,11.49,1.0,0.2661,-0.8312,0.0246,-0.16,0.0968,-0.0464,2026-04-27,276.86,278.23,276.25,277.1,801245.0,276.95763
2026-04-27T23:26:58.279,7,7,IWM260504P00289000,IWM,2026-05-04,put,289.0,11.69,1.0,11.94,6.0,11.815,,,0.2519,-0.8674,0.0221,-0.1232,0.0824,-0.0484,2026-04-27,276.86,278.23,276.25,277.1,801245.0,276.95763
2026-04-27T23:26:58.279,7,7,IWM260504P00290000,IWM,2026-05-04,put,290.0,13.08,1.0,13.23,10.0,13.155000000000001,,,0.306,-0.8393,0.0207,-0.1805,0.0938,-0.0472,2026-04-27,276.86,278.23,276.25,277.1,801245.0,276.95763
2026-04-27T23:26:58.279,7,7,IWM260504P00291000,IWM,2026-05-04,put,291.0,14.04,6.0,14.12,6.0,14.079999999999998,,,0.3137,-0.8522,0.0191,-0.174,0.0888,-0.0481,2026-04-27,276.86,278.23,276.25,277.1,801245.0,276.95763
2026-04-27T23:26:58.279,7,7,IWM260504P00292000,IWM,2026-05-04,put,292.0,14.9,1.0,15.15,6.0,15.025,15.16,1.0,0.3227,-0.8626,0.0177,-0.1695,0.0845,-0.0488,2026-04-27,276.86,278.23,276.25,277.1,801245.0,276.95763
2026-04-27T23:26:58.279,7,7,IWM260504P00293000,IWM,2026-05-04,put,293.0,15.88,7.0,16.14,7.0,16.01,,,0.336,-0.8688,0.0165,-0.1709,0.0819,-0.0493,2026-04-27,276.86,278.23,276.25,277.1,801245.0,276.95763
2026-04-27T23:26:58.279,7,7,IWM260504P00294000,IWM,2026-05-04,put,294.0,17.17,6.0,17.29,1.0,17.23,,,0.3771,-0.8551,0.0157,-0.2106,0.0876,-0.0488,2026-04-27,276.86,278.23,276.25,277.1,801245.0,276.95763
2026-04-27T23:26:58.279,7,7,IWM260504P00295000,IWM,2026-05-04,put,295.0,17.79,7.0,18.09,7.0,17.939999999999998,,,0.3563,-0.8833,0.0143,-0.1657,0.0754,-0.0505,2026-04-27,276.86,278.23,276.25,277.1,801245.0,276.95763
2026-04-27T23:26:58.279,7,7,IWM260504P00296000,IWM,2026-05-04,put,296.0,18.96,7.0,19.09,7.0,19.025,,,0.3818,-0.8796,0.0137,-0.1841,0.0771,-0.0505,2026-04-27,276.86,278.23,276.25,277.1,801245.0,276.95763
2026-04-27T23:26:58.279,7,7,IWM260504P00297000,IWM,2026-05-04,put,297.0,20.03,6.0,20.16,6.0,20.095,,,0.4052,-0.8774,0.013,-0.1997,0.0781,-0.0506,2026-04-27,276.86,278.23,276.25,277.1,801245.0,276.95763
2026-04-27T23:26:58.279,7,7,IWM260504P00298000,IWM,2026-05-04,put,298.0,20.52,6.0,20.73,6.0,20.625,,,0.3486,-0.9234,0.0107,-0.1101,0.0553,-0.0531,2026-04-27,276.86,278.23,276.25,277.1,801245.0,276.95763
2026-04-27T23:26:58.279,7,7,IWM260504P00299000,IWM,2026-05-04,put,299.0,22.22,6.0,22.35,6.0,22.285,,,0.4579,-0.8702,0.012,-0.2394,0.0812,-0.0506,2026-04-27,276.86,278.23,276.25,277.1,801245.0,276.95763
2026-04-27T23:26:58.279,7,7,IWM260504P00300000,IWM,2026-05-04,put,300.0,22.99,6.0,23.12,6.0,23.055,22.91,1.0,0.4421,-0.8896,0.0111,-0.202,0.0725,-0.0518,2026-04-27,276.86,278.23,276.25,277.1,801245.0,276.95763
2026-04-27T23:26:58.279,7,7,IWM260504P00305000,IWM,2026-05-04,put,305.0,27.36,1.0,28.13,10.0,27.744999999999997,,,0.4583,-0.925,0.008,-0.1499,0.0544,-0.0546,2026-04-27,276.86,278.23,276.25,277.1,801245.0,276.95763
2026-04-27T23:26:58.279,7,7,IWM260504P00310000,IWM,2026-05-04,put,310.0,32.58,1.0,32.88,10.0,32.730000000000004,,,0.5156,-0.9331,0.0065,-0.1545,0.0498,-0.056,2026-04-27,276.86,278.23,276.25,277.1,801245.0,276.95763
2026-04-27T23:26:58.279,7,7,IWM260504P00315000,IWM,2026-05-04,put,315.0,37.54,1.0,37.67,1.0,37.605000000000004,,,0.545,-0.9481,0.0051,-0.129,0.0408,-0.0577,2026-04-27,276.86,278.23,276.25,277.1,801245.0,276.95763
2026-04-27T23:26:58.279,7,7,IWM260504P00320000,IWM,2026-05-04,put,320.0,43.28,1.0,43.79,1.0,43.535,,,0.7715,-0.8979,0.006,-0.3483,0.0685,-0.0562,2026-04-27,276.86,278.23,276.25,277.1,801245.0,276.95763
2026-04-27T23:26:58.279,7,8,IWM260505C00220000,IWM,2026-05-05,call,220.0,57.76,1.0,57.9,1.0,57.83,,,0.6111,0.9957,0.0005,-0.0417,0.0052,0.0479,2026-04-27,276.86,278.23,276.25,277.1,801245.0,276.95763
2026-04-27T23:26:58.279,7,8,IWM260505C00230000,IWM,2026-05-05,call,230.0,48.08,1.0,48.22,1.0,48.15,,,0.6982,0.9699,0.0024,-0.1443,0.028,0.0485,2026-04-27,276.86,278.23,276.25,277.1,801245.0,276.95763
2026-04-27T23:26:58.279,7,8,IWM260505C00240000,IWM,2026-05-05,call,240.0,37.31,1.0,39.52,1.0,38.415000000000006,,,0.6309,0.9468,0.0042,-0.198,0.0446,0.0492,2026-04-27,276.86,278.23,276.25,277.1,801245.0,276.95763
2026-04-27T23:26:58.279,7,8,IWM260505C00247500,IWM,2026-05-05,call,247.5,30.24,1.0,30.38,1.0,30.31,,,,,,,,,2026-04-27,276.86,278.23,276.25,277.1,801245.0,276.95763
2026-04-27T23:26:58.279,7,8,IWM260505C00250000,IWM,2026-05-05,call,250.0,27.32,6.0,27.87,6.0,27.595,,,,,,,,,2026-04-27,276.86,278.23,276.25,277.1,801245.0,276.95763
2026-04-27T23:26:58.279,7,8,IWM260505C00252500,IWM,2026-05-05,call,252.5,25.19,10.0,25.34,1.0,25.265,,,,,,,,,2026-04-27,276.86,278.23,276.25,277.1,801245.0,276.95763
2026-04-27T23:26:58.279,7,8,IWM260505C00255000,IWM,2026-05-05,call,255.0,21.99,6.0,22.44,6.0,22.215,22.06,1.0,,,,,,,2026-04-27,276.86,278.23,276.25,277.1,801245.0,276.95763
2026-04-27T23:26:58.279,7,8,IWM260505C00257500,IWM,2026-05-05,call,257.5,19.5,6.0,20.19,1.0,19.845,19.68,1.0,,,,,,,2026-04-27,276.86,278.23,276.25,277.1,801245.0,276.95763
2026-04-27T23:26:58.279,7,8,IWM260505C00260000,IWM,2026-05-05,call,260.0,17.4,10.0,17.8,6.0,17.6,16.46,1.0,,,,,,,2026-04-27,276.86,278.23,276.25,277.1,801245.0,276.95763
2026-04-27T23:26:58.279,7,8,IWM260505C00262500,IWM,2026-05-05,call,262.5,15.07,8.0,15.09,2.0,15.08,15.16,1.0,,,,,,,2026-04-27,276.86,278.23,276.25,277.1,801245.0,276.95763
2026-04-27T23:26:58.279,7,8,IWM260505C00265000,IWM,2026-05-05,call,265.0,12.6,11.0,12.7,11.0,12.649999999999999,,,,,,,,,2026-04-27,276.86,278.23,276.25,277.1,801245.0,276.95763
2026-04-27T23:26:58.279,7,8,IWM260505C00266000,IWM,2026-05-05,call,266.0,11.82,12.0,12.17,11.0,11.995000000000001,12.2,1.0,0.1819,0.9485,0.0141,-0.0743,0.0434,0.0551,2026-04-27,276.86,278.23,276.25,277.1,801245.0,276.95763
2026-04-27T23:26:58.279,7,8,IWM260505C00267000,IWM,2026-05-05,call,267.0,11.05,14.0,11.06,12.0,11.055,12.19,1.0,0.1813,0.9327,0.0175,-0.0853,0.0535,0.0543,2026-04-27,276.86,278.23,276.25,277.1,801245.0,276.95763
2026-04-27T23:26:58.279,7,8,IWM260505C00268000,IWM,2026-05-05,call,268.0,10.15,13.0,10.16,13.0,10.155000000000001,10.21,1.0,0.184,0.9094,0.0216,-0.1013,0.0671,0.0531,2026-04-27,276.86,278.23,276.25,277.1,801245.0,276.95763
2026-04-27T23:26:58.279,7,8,IWM260505C00269000,IWM,2026-05-05,call,269.0,9.24,13.0,9.55,12.0,9.395,12.63,1.0,0.1997,0.8662,0.0263,-0.1337,0.0887,0.0506,2026-04-27,276.86,278.23,276.25,277.1,801245.0,276.95763
2026-04-27T23:26:58.279,7,8,IWM260505C00270000,IWM,2026-05-05,call,270.0,8.52,12.0,8.62,12.0,8.57,8.74,1.0,0.2016,0.835,0.03,-0.1508,0.102,0.0489,2026-04-27,276.86,278.23,276.25,277.1,801245.0,276.95763
2026-04-27T23:26:58.279,7,8,IWM260505C00271000,IWM,2026-05-05,call,271.0,7.66,15.0,7.91,8.0,7.785,7.64,1.0,0.2038,0.7999,0.0334,-0.1679,0.1151,0.047,2026-04-27,276.86,278.23,276.25,277.1,801245.0,276.95763
2026-04-27T23:26:58.279,7,8,IWM260505C00272000,IWM,2026-05-05,call,272.0,7.03,15.0,7.12,13.0,7.075,7.18,4.0,0.2087,0.759,0.0363,-0.1873,0.1281,0.0446,2026-04-27,276.86,278.23,276.25,277.1,801245.0,276.95763
2026-04-27T23:26:58.279,7,8,IWM260505C00273000,IWM,2026-05-05,call,273.0,6.17,18.0,6.27,17.0,6.22,6.4,5.0,0.1996,0.729,0.0404,-0.1894,0.1362,0.043,2026-04-27,276.86,278.23,276.25,277.1,801245.0,276.95763
2026-04-27T23:26:58.279,7,8,IWM260505C00274000,IWM,2026-05-05,call,274.0,5.43,17.0,5.55,30.0,5.49,5.54,1.0,0.1973,0.6884,0.0436,-0.1977,0.1453,0.0407,2026-04-27,276.86,278.23,276.25,277.1,801245.0,276.95763
2026-04-27T23:26:58.279,7,8,IWM260505C00275000,IWM,2026-05-05,call,275.0,4.93,25.0,5.01,31.0,4.97,4.92,1.0,0.2061,0.6376,0.0443,-0.2156,0.1541,0.0377,2026-04-27,276.86,278.23,276.25,277.1,801245.0,276.95763
2026-04-27T23:26:58.279,7,8,IWM260505C00276000,IWM,2026-05-05,call,276.0,4.25,46.0,4.34,80.0,4.295,4.18,4.0,0.2015,0.594,0.0468,-0.2168,0.1594,0.0352,2026-04-27,276.86,278.23,276.25,277.1,801245.0,276.95763
2026-04-27T23:26:58.279,7,8,IWM260505C00277000,IWM,2026-05-05,call,277.0,3.59,42.0,3.7,44.0,3.645,3.58,4.0,0.1959,0.5474,0.0492,-0.2141,0.1628,0.0325,2026-04-27,276.86,278.23,276.25,277.1,801245.0,276.95763
2026-04-27T23:26:58.279,7,8,IWM260505C00278000,IWM,2026-05-05,call,278.0,3.02,43.0,3.09,5.0,3.0549999999999997,3.03,4.0,0.1911,0.4976,0.0508,-0.2093,0.164,0.0296,2026-04-27,276.86,278.23,276.25,277.1,801245.0,276.95763
2026-04-27T23:26:58.279,7,8,IWM260505C00279000,IWM,2026-05-05,call,279.0,2.55,77.0,2.67,47.0,2.61,2.61,1.0,0.192,0.4474,0.0501,-0.2072,0.1625,0.0267,2026-04-27,276.86,278.23,276.25,277.1,801245.0,276.95763
2026-04-27T23:26:58.279,7,8,IWM260505C00280000,IWM,2026-05-05,call,280.0,2.1,81.0,2.15,28.0,2.125,2.12,1.0,0.1874,0.3955,0.05,-0.1961,0.1583,0.0236,2026-04-27,276.86,278.23,276.25,277.1,801245.0,276.95763
2026-04-27T23:26:58.279,7,8,IWM260505C00281000,IWM,2026-05-05,call,281.0,1.75,88.0,1.79,31.0,1.77,1.71,4.0,0.1877,0.3472,0.0479,-0.1875,0.1518,0.0207,2026-04-27,276.86,278.23,276.25,277.1,801245.0,276.95763
2026-04-27T23:26:58.279,7,8,IWM260505C00282000,IWM,2026-05-05,call,282.0,1.37,68.0,1.45,44.0,1.4100000000000001,1.42,1.0,0.1845,0.298,0.0457,-0.1724,0.1425,0.0178,2026-04-27,276.86,278.23,276.25,277.1,801245.0,276.95763
2026-04-27T23:26:58.279,7,8,IWM260505C00283000,IWM,2026-05-05,call,283.0,1.08,85.0,1.15,31.0,1.115,1.33,1.0,0.1823,0.2521,0.0426,-0.1564,0.1312,0.0151,2026-04-27,276.86,278.23,276.25,277.1,801245.0,276.95763
2026-04-27T23:26:58.279,7,8,IWM260505C00284000,IWM,2026-05-05,call,284.0,0.87,140.0,0.91,86.0,0.89,0.88,61.0,0.1822,0.2121,0.0387,-0.1415,0.1191,0.0127,2026-04-27,276.86,278.23,276.25,277.1,801245.0,276.95763
2026-04-27T23:26:58.279,7,8,IWM260505C00285000,IWM,2026-05-05,call,285.0,0.68,119.0,0.71,143.0,0.6950000000000001,0.65,1.0,0.1814,0.1752,0.0346,-0.125,0.106,0.0105,2026-04-27,276.86,278.23,276.25,277.1,801245.0,276.95763
2026-04-27T23:26:58.279,7,8,IWM260505C00286000,IWM,2026-05-05,call,286.0,0.48,117.0,0.55,119.0,0.515,0.53,33.0,0.1784,0.1395,0.0303,-0.1056,0.0913,0.0084,2026-04-27,276.86,278.23,276.25,277.1,801245.0,276.95763
2026-04-27T23:26:58.279,7,8,IWM260505C00287500,IWM,2026-05-05,call,287.5,0.3,167.0,0.33,156.0,0.315,0.34,1.0,0.1743,0.0949,0.0236,-0.0782,0.0694,0.0057,2026-04-27,276.86,278.23,276.25,277.1,801245.0,276.95763
2026-04-27T23:26:58.279,7,8,IWM260505C00290000,IWM,2026-05-05,call,290.0,0.17,149.0,0.2,152.0,0.185,0.19,10.0,0.1826,0.0581,0.0155,-0.0561,0.0478,0.0035,2026-04-27,276.86,278.23,276.25,277.1,801245.0,276.95763
2026-04-27T23:26:58.279,7,8,IWM260505C00292500,IWM,2026-05-05,call,292.5,0.09,82.0,0.11,79.0,0.1,,,0.1879,0.0333,0.0096,-0.0367,0.0305,0.002,2026-04-27,276.86,278.23,276.25,277.1,801245.0,276.95763
2026-04-27T23:26:58.279,7,8,IWM260505C00300000,IWM,2026-05-05,call,300.0,0.01,135.0,0.05,223.0,0.030000000000000002,0.04,1.0,0.2208,0.0099,0.0029,-0.0152,0.0108,0.0006,2026-04-27,276.86,278.23,276.25,277.1,801245.0,276.95763
2026-04-27T23:26:58.279,7,8,IWM260505C00310000,IWM,2026-05-05,call,310.0,0.0,0.0,0.04,233.0,0.02,,,,,,,,,2026-04-27,276.86,278.23,276.25,277.1,801245.0,276.95763
2026-04-27T23:26:58.279,7,8,IWM260505C00320000,IWM,2026-05-05,call,320.0,0.0,0.0,0.01,104.0,0.005,,,,,,,,,2026-04-27,276.86,278.23,276.25,277.1,801245.0,276.95763
2026-04-27T23:26:58.279,7,8,IWM260505P00220000,IWM,2026-05-05,put,220.0,0.0,0.0,0.01,104.0,0.005,0.06,1.0,,,,,,,2026-04-27,276.86,278.23,276.25,277.1,801245.0,276.95763
2026-04-27T23:26:58.279,7,8,IWM260505P00230000,IWM,2026-05-05,put,230.0,0.0,0.0,0.05,113.0,0.025,,,,,,,,,2026-04-27,276.86,278.23,276.25,277.1,801245.0,276.95763
2026-04-27T23:26:58.279,7,8,IWM260505P00240000,IWM,2026-05-05,put,240.0,0.03,122.0,0.06,144.0,0.045,0.05,1.0,0.4146,-0.0078,0.0013,-0.0227,0.0089,-0.0005,2026-04-27,276.86,278.23,276.25,277.1,801245.0,276.95763
2026-04-27T23:26:58.279,7,8,IWM260505P00247500,IWM,2026-05-05,put,247.5,0.02,136.0,0.08,509.0,0.05,0.07,3.0,0.3412,-0.0103,0.002,-0.0237,0.0113,-0.0006,2026-04-27,276.86,278.23,276.25,277.1,801245.0,276.95763
2026-04-27T23:26:58.279,7,8,IWM260505P00250000,IWM,2026-05-05,put,250.0,0.07,240.0,0.09,57.0,0.08,0.3,40.0,0.3363,-0.0159,0.0029,-0.034,0.0164,-0.001,2026-04-27,276.86,278.23,276.25,277.1,801245.0,276.95763
2026-04-27T23:26:58.279,7,8,IWM260505P00252500,IWM,2026-05-05,put,252.5,0.05,348.0,0.08,391.0,0.065,0.19,1.0,0.2997,-0.0147,0.003,-0.0282,0.0153,-0.0009,2026-04-27,276.86,278.23,276.25,277.1,801245.0,276.95763
2026-04-27T23:26:58.279,7,8,IWM260505P00255000,IWM,2026-05-05,put,255.0,0.13,209.0,0.16,605.0,0.14500000000000002,,,0.3096,-0.0291,0.0052,-0.0519,0.0273,-0.0018,2026-04-27,276.86,278.23,276.25,277.1,801245.0,276.95763
2026-04-27T23:26:58.279,7,8,IWM260505P00257500,IWM,2026-05-05,put,257.5,0.19,185.0,0.21,240.0,0.2,0.21,5.0,0.297,-0.04,0.0071,-0.0646,0.0354,-0.0025,2026-04-27,276.86,278.23,276.25,277.1,801245.0,276.95763
2026-04-27T23:26:58.279,7,8,IWM260505P00260000,IWM,2026-05-05,put,260.0,0.28,68.0,0.3,206.0,0.29000000000000004,0.29,3.0,0.287,-0.0567,0.0097,-0.0824,0.0468,-0.0035,2026-04-27,276.86,278.23,276.25,277.1,801245.0,276.95763
2026-04-27T23:26:58.279,7,8,IWM260505P00262500,IWM,2026-05-05,put,262.5,0.41,50.0,0.44,319.0,0.425,0.43,1.0,0.2779,-0.0806,0.0131,-0.1045,0.0615,-0.005,2026-04-27,276.86,278.23,276.25,277.1,801245.0,276.95763
2026-04-27T23:26:58.279,7,8,IWM260505P00265000,IWM,2026-05-05,put,265.0,0.59,124.0,0.63,199.0,0.61,0.59,3.0,0.2677,-0.1124,0.0174,-0.1281,0.0785,-0.007,2026-04-27,276.86,278.23,276.25,277.1,801245.0,276.95763
2026-04-27T23:26:58.279,7,8,IWM260505P00266000,IWM,2026-05-05,put,266.0,0.66,53.0,0.73,173.0,0.6950000000000001,0.76,69.0,0.2625,-0.1271,0.0193,-0.1368,0.0856,-0.0079,2026-04-27,276.86,278.23,276.25,277.1,801245.0,276.95763
2026-04-27T23:26:58.279,7,8,IWM260505P00267000,IWM,2026-05-05,put,267.0,0.77,97.0,0.81,119.0,0.79,0.87,1.0,0.257,-0.1435,0.0214,-0.1454,0.093,-0.0089,2026-04-27,276.86,278.23,276.25,277.1,801245.0,276.95763
2026-04-27T23:26:58.279,7,8,IWM260505P00268000,IWM,2026-05-05,put,268.0,0.91,59.0,0.95,155.0,0.9299999999999999,1.0,1.0,0.2547,-0.1647,0.0237,-0.1576,0.1019,-0.0102,2026-04-27,276.86,278.23,276.25,277.1,801245.0,276.95763
2026-04-27T23:26:58.279,7,8,IWM260505P00269000,IWM,2026-05-05,put,269.0,1.1,76.0,1.14,147.0,1.12,1.11,1.0,0.2549,-0.1906,0.0259,-0.1727,0.1118,-0.0118,2026-04-27,276.86,278.23,276.25,277.1,801245.0,276.95763
2026-04-27T23:26:58.279,7,8,IWM260505P00270000,IWM,2026-05-05,put,270.0,1.28,14.0,1.32,127.0,1.3,1.42,1.0,0.252,-0.216,0.0283,-0.1836,0.1204,-0.0134,2026-04-27,276.86,278.23,276.25,277.1,801245.0,276.95763
2026-04-27T23:26:58.279,7,8,IWM260505P00271000,IWM,2026-05-05,put,271.0,1.47,66.0,1.52,94.0,1.495,1.57,2.0,0.2484,-0.2431,0.0307,-0.1929,0.1287,-0.0151,2026-04-27,276.86,278.23,276.25,277.1,801245.0,276.95763
2026-04-27T23:26:58.279,7,8,IWM260505P00272000,IWM,2026-05-05,put,272.0,1.67,7.0,1.76,111.0,1.7149999999999999,1.76,2.0,0.2447,-0.2727,0.033,-0.2011,0.1366,-0.017,2026-04-27,276.86,278.23,276.25,277.1,801245.0,276.95763
2026-04-27T23:26:58.279,7,8,IWM260505P00273000,IWM,2026-05-05,put,273.0,1.91,76.0,2.009,3.0,1.9594999999999998,2.18,1.0,0.2407,-0.3046,0.0354,-0.2078,0.1439,-0.019,2026-04-27,276.86,278.23,276.25,277.1,801245.0,276.95763
2026-04-27T23:26:58.279,7,8,IWM260505P00274000,IWM,2026-05-05,put,274.0,2.25,66.0,2.27,96.0,2.26,2.47,1.0,0.2383,-0.3401,0.0374,-0.2147,0.1506,-0.0212,2026-04-27,276.86,278.23,276.25,277.1,801245.0,276.95763
2026-04-27T23:26:58.279,7,8,IWM260505P00275000,IWM,2026-05-05,put,275.0,2.58,64.0,2.65,103.0,2.615,2.7,1.0,0.2372,-0.3782,0.039,-0.221,0.1563,-0.0236,2026-04-27,276.86,278.23,276.25,277.1,801245.0,276.95763
2026-04-27T23:26:58.279,7,8,IWM260505P00276000,IWM,2026-05-05,put,276.0,2.89,43.0,3.04,135.0,2.965,3.01,1.0,0.2334,-0.417,0.0407,-0.2222,0.1604,-0.026,2026-04-27,276.86,278.23,276.25,277.1,801245.0,276.95763
2026-04-27T23:26:58.279,7,8,IWM260505P00277000,IWM,2026-05-05,put,277.0,3.29,61.0,3.34,74.0,3.315,3.42,2.0,0.2272,-0.4574,0.0425,-0.2186,0.163,-0.0286,2026-04-27,276.86,278.23,276.25,277.1,801245.0,276.95763
2026-04-27T23:26:58.279,7,8,IWM260505P00278000,IWM,2026-05-05,put,278.0,3.77,22.0,3.88,44.0,3.825,3.82,19.0,0.2284,-0.5,0.0425,-0.2198,0.164,-0.0313,2026-04-27,276.86,278.23,276.25,277.1,801245.0,276.95763
2026-04-27T23:26:58.279,7,8,IWM260505P00279000,IWM,2026-05-05,put,279.0,4.32,45.0,4.34,41.0,4.33,4.56,5.0,0.2266,-0.5427,0.0426,-0.2154,0.163,-0.034,2026-04-27,276.86,278.23,276.25,277.1,801245.0,276.95763
2026-04-27T23:26:58.279,7,8,IWM260505P00280000,IWM,2026-05-05,put,280.0,4.9,6.0,4.99,7.0,4.945,5.05,1.0,0.229,-0.5837,0.0415,-0.2128,0.1603,-0.0366,2026-04-27,276.86,278.23,276.25,277.1,801245.0,276.95763
2026-04-27T23:26:58.279,7,8,IWM260505P00281000,IWM,2026-05-05,put,281.0,5.49,13.0,5.57,18.0,5.53,5.77,1.0,0.2269,-0.6254,0.0406,-0.2031,0.1558,-0.0393,2026-04-27,276.86,278.23,276.25,277.1,801245.0,276.95763
2026-04-27T23:26:58.279,7,8,IWM260505P00282000,IWM,2026-05-05,put,282.0,6.0,11.0,6.23,20.0,6.115,7.23,1.0,0.2221,-0.6684,0.0397,-0.188,0.1491,-0.042,2026-04-27,276.86,278.23,276.25,277.1,801245.0,276.95763
2026-04-27T23:26:58.279,7,8,IWM260505P00283000,IWM,2026-05-05,put,283.0,6.7,11.0,6.88,10.0,6.79,,,0.2204,-0.7079,0.0379,-0.1742,0.1412,-0.0446,2026-04-27,276.86,278.23,276.25,277.1,801245.0,276.95763
2026-04-27T23:26:58.279,7,8,IWM260505P00284000,IWM,2026-05-05,put,284.0,7.43,11.0,7.71,9.0,7.57,,,0.2237,-0.7406,0.0352,-0.165,0.1331,-0.0467,2026-04-27,276.86,278.23,276.25,277.1,801245.0,276.95763
2026-04-27T23:26:58.279,7,8,IWM260505P00285000,IWM,2026-05-05,put,285.0,8.52,12.0,8.64,15.0,8.58,,,0.2429,-0.7547,0.0315,-0.1746,0.1293,-0.0478,2026-04-27,276.86,278.23,276.25,277.1,801245.0,276.95763
2026-04-27T23:26:58.279,7,8,IWM260505P00286000,IWM,2026-05-05,put,286.0,9.06,13.0,9.46,19.0,9.260000000000002,,,0.2345,-0.7928,0.0297,-0.1494,0.1175,-0.0503,2026-04-27,276.86,278.23,276.25,277.1,801245.0,276.95763
2026-04-27T23:26:58.279,7,8,IWM260505P00287500,IWM,2026-05-05,put,287.5,10.45,1.0,10.55,7.0,10.5,,,0.2352,-0.8324,0.0259,-0.1274,0.103,-0.053,2026-04-27,276.86,278.23,276.25,277.1,801245.0,276.95763
2026-04-27T23:26:58.279,7,8,IWM260505P00290000,IWM,2026-05-05,put,290.0,13.07,10.0,13.22,1.0,13.145,,,0.2877,-0.8375,0.0208,-0.1572,0.101,-0.0538,2026-04-27,276.86,278.23,276.25,277.1,801245.0,276.95763
2026-04-27T23:26:58.279,7,8,IWM260505P00292500,IWM,2026-05-05,put,292.5,15.55,1.0,15.67,1.0,15.61,,,0.321,-0.855,0.0173,-0.1628,0.0937,-0.0554,2026-04-27,276.86,278.23,276.25,277.1,801245.0,276.95763
2026-04-27T23:26:58.279,7,8,IWM260505P00300000,IWM,2026-05-05,put,300.0,22.57,10.0,23.17,7.0,22.87,,,0.3923,-0.9018,0.0107,-0.1473,0.0712,-0.0599,2026-04-27,276.86,278.23,276.25,277.1,801245.0,276.95763
2026-04-27T23:26:58.279,7,8,IWM260505P00310000,IWM,2026-05-05,put,310.0,32.9,10.0,33.05,1.0,32.974999999999994,,,0.5286,-0.9132,0.0073,-0.1862,0.065,-0.0628,2026-04-27,276.86,278.23,276.25,277.1,801245.0,276.95763
2026-04-27T23:26:58.279,7,8,IWM260505P00320000,IWM,2026-05-05,put,320.0,42.65,1.0,42.71,1.0,42.68,,,0.5846,-0.944,0.0047,-0.1392,0.0464,-0.0668,2026-04-27,276.86,278.23,276.25,277.1,801245.0,276.95763
2026-04-27T23:26:58.279,7,9,IWM260506C00230000,IWM,2026-05-06,call,230.0,46.52,1.0,48.24,1.0,47.38,47.26,1.0,,,,,,,2026-04-27,276.86,278.23,276.25,277.1,801245.0,276.95763
2026-04-27T23:26:58.279,7,9,IWM260506C00240000,IWM,2026-05-06,call,240.0,37.44,1.0,38.07,1.0,37.754999999999995,,,,,,,,,2026-04-27,276.86,278.23,276.25,277.1,801245.0,276.95763
2026-04-27T23:26:58.279,7,9,IWM260506C00247500,IWM,2026-05-06,call,247.5,29.98,1.0,30.0,1.0,29.990000000000002,30.03,1.0,,,,,,,2026-04-27,276.86,278.23,276.25,277.1,801245.0,276.95763
2026-04-27T23:26:58.279,7,9,IWM260506C00250000,IWM,2026-05-06,call,250.0,27.03,1.0,27.87,1.0,27.450000000000003,,,,,,,,,2026-04-27,276.86,278.23,276.25,277.1,801245.0,276.95763
2026-04-27T23:26:58.279,7,9,IWM260506C00252500,IWM,2026-05-06,call,252.5,25.34,6.0,25.49,10.0,25.415,,,0.2851,0.9847,0.0031,-0.0514,0.0168,0.0611,2026-04-27,276.86,278.23,276.25,277.1,801245.0,276.95763
2026-04-27T23:26:58.279,7,9,IWM260506C00255000,IWM,2026-05-06,call,255.0,22.11,1.0,22.23,7.0,22.17,,,,,,,,,2026-04-27,276.86,278.23,276.25,277.1,801245.0,276.95763
2026-04-27T23:26:58.279,7,9,IWM260506C00257500,IWM,2026-05-06,call,257.5,20.23,6.0,20.39,6.0,20.310000000000002,,,,,,,,,2026-04-27,276.86,278.23,276.25,277.1,801245.0,276.95763
2026-04-27T23:26:58.279,7,9,IWM260506C00260000,IWM,2026-05-06,call,260.0,17.29,1.0,17.47,6.0,17.38,,,,,,,,,2026-04-27,276.86,278.23,276.25,277.1,801245.0,276.95763
2026-04-27T23:26:58.279,7,9,IWM260506C00262500,IWM,2026-05-06,call,262.5,15.53,11.0,15.67,10.0,15.6,15.23,2.0,0.231,0.9437,0.0113,-0.0879,0.0494,0.0608,2026-04-27,276.86,278.23,276.25,277.1,801245.0,276.95763
2026-04-27T23:26:58.279,7,9,IWM260506C00265000,IWM,2026-05-06,call,265.0,12.72,7.0,12.88,1.0,12.8,12.81,10.0,,,,,,,2026-04-27,276.86,278.23,276.25,277.1,801245.0,276.95763
2026-04-27T23:26:58.279,7,9,IWM260506C00267500,IWM,2026-05-06,call,267.5,10.97,14.0,11.08,4.0,11.025,10.58,10.0,0.2222,0.8659,0.0223,-0.1391,0.0942,0.0566,2026-04-27,276.86,278.23,276.25,277.1,801245.0,276.95763
2026-04-27T23:26:58.279,7,9,IWM260506C00269000,IWM,2026-05-06,call,269.0,9.49,15.0,9.6,13.0,9.545,10.6,1.0,0.2013,0.8513,0.0264,-0.1356,0.1011,0.0559,2026-04-27,276.86,278.23,276.25,277.1,801245.0,276.95763
2026-04-27T23:26:58.279,7,9,IWM260506C00270000,IWM,2026-05-06,call,270.0,8.7,1.0,8.79,1.0,8.745,8.65,1.0,0.2038,0.8196,0.0296,-0.1515,0.1146,0.0539,2026-04-27,276.86,278.23,276.25,277.1,801245.0,276.95763
2026-04-27T23:26:58.279,7,9,IWM260506C00271000,IWM,2026-05-06,call,271.0,7.91,14.0,8.01,12.0,7.96,7.91,1.0,0.2045,0.7868,0.0326,-0.165,0.1267,0.0519,2026-04-27,276.86,278.23,276.25,277.1,801245.0,276.95763
2026-04-27T23:26:58.279,7,9,IWM260506C00272000,IWM,2026-05-06,call,272.0,7.07,20.0,7.35,13.0,7.21,7.1,1.0,0.2052,0.7513,0.0354,-0.1775,0.1381,0.0497,2026-04-27,276.86,278.23,276.25,277.1,801245.0,276.95763
2026-04-27T23:26:58.279,7,9,IWM260506C00273000,IWM,2026-05-06,call,273.0,6.49,18.0,6.67,10.0,6.58,6.48,1.0,0.2113,0.7086,0.0372,-0.1945,0.1496,0.0469,2026-04-27,276.86,278.23,276.25,277.1,801245.0,276.95763
2026-04-27T23:26:58.279,7,9,IWM260506C00274000,IWM,2026-05-06,call,274.0,5.77,28.0,5.8,21.0,5.785,5.82,1.0,0.2038,0.6751,0.0405,-0.1957,0.1569,0.0448,2026-04-27,276.86,278.23,276.25,277.1,801245.0,276.95763
2026-04-27T23:26:58.279,7,9,IWM260506C00275000,IWM,2026-05-06,call,275.0,5.02,30.0,5.15,35.0,5.085,4.9,1.0,0.2003,0.6352,0.043,-0.1993,0.1638,0.0422,2026-04-27,276.86,278.23,276.25,277.1,801245.0,276.95763
2026-04-27T23:26:58.279,7,9,IWM260506C00276000,IWM,2026-05-06,call,276.0,4.41,25.0,4.56,47.0,4.484999999999999,4.32,2.0,0.2003,0.5911,0.0445,-0.2044,0.1694,0.0394,2026-04-27,276.86,278.23,276.25,277.1,801245.0,276.95763
2026-04-27T23:26:58.279,7,9,IWM260506C00277000,IWM,2026-05-06,call,277.0,3.82,29.0,3.96,8.0,3.8899999999999997,3.86,1.0,0.198,0.5463,0.0459,-0.2048,0.1727,0.0364,2026-04-27,276.86,278.23,276.25,277.1,801245.0,276.95763
2026-04-27T23:26:58.279,7,9,IWM260506C00278000,IWM,2026-05-06,call,278.0,3.28,10.0,3.34,5.0,3.3099999999999996,3.52,3.0,0.194,0.4999,0.0472,-0.201,0.1739,0.0334,2026-04-27,276.86,278.23,276.25,277.1,801245.0,276.95763
2026-04-27T23:26:58.279,7,9,IWM260506C00279000,IWM,2026-05-06,call,279.0,2.85,55.0,2.86,8.0,2.855,2.85,1.0,0.1945,0.4531,0.0467,-0.1989,0.1727,0.0303,2026-04-27,276.86,278.23,276.25,277.1,801245.0,276.95763
2026-04-27T23:26:58.279,7,9,IWM260506C00280000,IWM,2026-05-06,call,280.0,2.41,46.0,2.46,25.0,2.435,2.33,1.0,0.1944,0.4071,0.0458,-0.1937,0.1692,0.0273,2026-04-27,276.86,278.23,276.25,277.1,801245.0,276.95763
2026-04-27T23:26:58.279,7,9,IWM260506C00281000,IWM,2026-05-06,call,281.0,1.94,72.0,2.0,20.0,1.97,1.97,4.0,0.1888,0.3582,0.0454,-0.1804,0.1628,0.024,2026-04-27,276.86,278.23,276.25,277.1,801245.0,276.95763
2026-04-27T23:26:58.279,7,9,IWM260506C00282000,IWM,2026-05-06,call,282.0,1.63,94.0,1.68,27.0,1.6549999999999998,1.59,2.0,0.1894,0.3151,0.043,-0.1715,0.1549,0.0212,2026-04-27,276.86,278.23,276.25,277.1,801245.0,276.95763
2026-04-27T23:26:58.279,7,9,IWM260506C00283000,IWM,2026-05-06,call,283.0,1.27,62.0,1.37,20.0,1.32,1.33,1.0,0.1859,0.2702,0.0408,-0.1562,0.1442,0.0182,2026-04-27,276.86,278.23,276.25,277.1,801245.0,276.95763
2026-04-27T23:26:58.279,7,9,IWM260506C00284000,IWM,2026-05-06,call,284.0,1.06,138.0,1.11,56.0,1.085,1.05,2.0,0.1864,0.2323,0.0376,-0.1441,0.1331,0.0156,2026-04-27,276.86,278.23,276.25,277.1,801245.0,276.95763
2026-04-27T23:26:58.279,7,9,IWM260506C00285000,IWM,2026-05-06,call,285.0,0.84,103.0,0.87,22.0,0.855,0.83,5.0,0.1844,0.1947,0.0343,-0.1283,0.1201,0.0131,2026-04-27,276.86,278.23,276.25,277.1,801245.0,276.95763
2026-04-27T23:26:58.279,7,9,IWM260506C00286000,IWM,2026-05-06,call,286.0,0.66,70.0,0.7,49.0,0.6799999999999999,0.88,1.0,0.184,0.1626,0.0307,-0.114,0.1072,0.011,2026-04-27,276.86,278.23,276.25,277.1,801245.0,276.95763
2026-04-27T23:26:58.279,7,9,IWM260506C00287000,IWM,2026-05-06,call,287.0,0.51,200.0,0.55,70.0,0.53,0.55,1.0,0.1831,0.1334,0.027,-0.0991,0.0939,0.009,2026-04-27,276.86,278.23,276.25,277.1,801245.0,276.95763
2026-04-27T23:26:58.279,7,9,IWM260506C00288000,IWM,2026-05-06,call,288.0,0.39,263.0,0.44,208.0,0.41500000000000004,0.42,1.0,0.1831,0.1091,0.0234,-0.0859,0.0815,0.0074,2026-04-27,276.86,278.23,276.25,277.1,801245.0,276.95763
2026-04-27T23:26:58.279,7,9,IWM260506C00289000,IWM,2026-05-06,call,289.0,0.3,399.0,0.31,294.0,0.305,0.63,57.0,0.1807,0.0853,0.0198,-0.0706,0.068,0.0058,2026-04-27,276.86,278.23,276.25,277.1,801245.0,276.95763
2026-04-27T23:26:58.279,7,9,IWM260506C00290000,IWM,2026-05-06,call,290.0,0.19,273.0,0.27,191.0,0.23,0.23,15.0,0.1802,0.0674,0.0166,-0.0587,0.0568,0.0046,2026-04-27,276.86,278.23,276.25,277.1,801245.0,276.95763
2026-04-27T23:26:58.279,7,9,IWM260506C00292500,IWM,2026-05-06,call,292.5,0.09,103.0,0.11,99.0,0.1,0.12,1.0,0.1768,0.0333,0.0096,-0.0327,0.0324,0.0023,2026-04-27,276.86,278.23,276.25,277.1,801245.0,276.95763
2026-04-27T23:26:58.279,7,9,IWM260506C00300000,IWM,2026-05-06,call,300.0,0.03,171.0,0.06,138.0,0.045,0.06,90.0,0.2192,0.0136,0.0036,-0.0188,0.0152,0.0009,2026-04-27,276.86,278.23,276.25,277.1,801245.0,276.95763
2026-04-27T23:26:58.279,7,9,IWM260506C00310000,IWM,2026-05-06,call,310.0,0.0,0.0,0.04,212.0,0.02,,,,,,,,,2026-04-27,276.86,278.23,276.25,277.1,801245.0,276.95763
2026-04-27T23:26:58.279,7,9,IWM260506C00320000,IWM,2026-05-06,call,320.0,0.0,0.0,0.04,113.0,0.02,,,,,,,,,2026-04-27,276.86,278.23,276.25,277.1,801245.0,276.95763
2026-04-27T23:26:58.279,7,9,IWM260506C00330000,IWM,2026-05-06,call,330.0,0.0,0.0,0.03,104.0,0.015,,,,,,,,,2026-04-27,276.86,278.23,276.25,277.1,801245.0,276.95763
2026-04-27T23:26:58.279,7,9,IWM260506P00230000,IWM,2026-05-06,put,230.0,0.01,104.0,0.03,249.0,0.02,0.06,1.0,0.4489,-0.0033,0.0005,-0.0107,0.0043,-0.0002,2026-04-27,276.86,278.23,276.25,277.1,801245.0,276.95763
2026-04-27T23:26:58.279,7,9,IWM260506P00240000,IWM,2026-05-06,put,240.0,0.01,103.0,0.07,113.0,0.04,0.15,72.0,0.3856,-0.0071,0.0012,-0.0183,0.0086,-0.0005,2026-04-27,276.86,278.23,276.25,277.1,801245.0,276.95763
2026-04-27T23:26:58.279,7,9,IWM260506P00247500,IWM,2026-05-06,put,247.5,0.08,58.0,0.1,218.0,0.09,0.23,6.0,0.3491,-0.0162,0.0027,-0.0338,0.0177,-0.0011,2026-04-27,276.86,278.23,276.25,277.1,801245.0,276.95763
2026-04-27T23:26:58.279,7,9,IWM260506P00250000,IWM,2026-05-06,put,250.0,0.06,94.0,0.08,131.0,0.07,0.1,3.0,0.3113,-0.0144,0.0027,-0.0271,0.0159,-0.001,2026-04-27,276.86,278.23,276.25,277.1,801245.0,276.95763
2026-04-27T23:26:58.279,7,9,IWM260506P00252500,IWM,2026-05-06,put,252.5,0.13,180.0,0.15,110.0,0.14,0.23,1.0,0.3181,-0.0261,0.0044,-0.046,0.0264,-0.0018,2026-04-27,276.86,278.23,276.25,277.1,801245.0,276.95763
2026-04-27T23:26:58.279,7,9,IWM260506P00255000,IWM,2026-05-06,put,255.0,0.14,170.0,0.2,169.0,0.17,0.47,38.0,0.3004,-0.0326,0.0056,-0.0521,0.0318,-0.0023,2026-04-27,276.86,278.23,276.25,277.1,801245.0,276.95763
2026-04-27T23:26:58.279,7,9,IWM260506P00257500,IWM,2026-05-06,put,257.5,0.25,46.0,0.28,75.0,0.265,0.4,1.0,0.2963,-0.0485,0.0078,-0.0708,0.0439,-0.0034,2026-04-27,276.86,278.23,276.25,277.1,801245.0,276.95763
2026-04-27T23:26:58.279,7,9,IWM260506P00260000,IWM,2026-05-06,put,260.0,0.35,177.0,0.39,268.0,0.37,0.4,3.0,0.286,-0.0665,0.0104,-0.0875,0.0563,-0.0046,2026-04-27,276.86,278.23,276.25,277.1,801245.0,276.95763
2026-04-27T23:26:58.279,7,9,IWM260506P00262500,IWM,2026-05-06,put,262.5,0.5,203.0,0.55,466.0,0.525,0.5,1.0,0.277,-0.0918,0.0136,-0.1079,0.0718,-0.0064,2026-04-27,276.86,278.23,276.25,277.1,801245.0,276.95763
2026-04-27T23:26:58.279,7,9,IWM260506P00265000,IWM,2026-05-06,put,265.0,0.69,117.0,0.77,202.0,0.73,0.75,1.0,0.2666,-0.1244,0.0176,-0.1289,0.0894,-0.0087,2026-04-27,276.86,278.23,276.25,277.1,801245.0,276.95763
2026-04-27T23:26:58.279,7,9,IWM260506P00267500,IWM,2026-05-06,put,267.5,1.03,63.0,1.08,82.0,1.0550000000000002,1.11,1.0,0.2601,-0.1707,0.0224,-0.155,0.1106,-0.0119,2026-04-27,276.86,278.23,276.25,277.1,801245.0,276.95763
2026-04-27T23:26:58.279,7,9,IWM260506P00269000,IWM,2026-05-06,put,269.0,1.28,39.0,1.32,73.0,1.3,1.32,3.0,0.2557,-0.2038,0.0254,-0.1696,0.1234,-0.0143,2026-04-27,276.86,278.23,276.25,277.1,801245.0,276.95763
2026-04-27T23:26:58.279,7,9,IWM260506P00270000,IWM,2026-05-06,put,270.0,1.43,9.0,1.51,50.0,1.47,1.59,1.0,0.2512,-0.2273,0.0275,-0.1771,0.1315,-0.0159,2026-04-27,276.86,278.23,276.25,277.1,801245.0,276.95763
2026-04-27T23:26:58.279,7,9,IWM260506P00271000,IWM,2026-05-06,put,271.0,1.64,44.0,1.72,54.0,1.68,1.75,2.0,0.2481,-0.254,0.0296,-0.1853,0.1397,-0.0178,2026-04-27,276.86,278.23,276.25,277.1,801245.0,276.95763
2026-04-27T23:26:58.279,7,9,IWM260506P00272000,IWM,2026-05-06,put,272.0,1.92,1.0,1.96,67.0,1.94,1.93,1.0,0.2466,-0.2841,0.0315,-0.1944,0.1478,-0.0199,2026-04-27,276.86,278.23,276.25,277.1,801245.0,276.95763
2026-04-27T23:26:58.279,7,9,IWM260506P00273000,IWM,2026-05-06,put,273.0,2.18,11.0,2.25,20.0,2.215,2.2,3.0,0.2441,-0.3155,0.0334,-0.2012,0.155,-0.0221,2026-04-27,276.86,278.23,276.25,277.1,801245.0,276.95763
2026-04-27T23:26:58.279,7,9,IWM260506P00274000,IWM,2026-05-06,put,274.0,2.48,56.0,2.56,38.0,2.52,2.65,110.0,0.2415,-0.3488,0.0351,-0.2065,0.1613,-0.0245,2026-04-27,276.86,278.23,276.25,277.1,801245.0,276.95763
2026-04-27T23:26:58.279,7,9,IWM260506P00275000,IWM,2026-05-06,put,275.0,2.77,36.0,2.89,49.0,2.83,3.01,1.0,0.2373,-0.3832,0.0369,-0.2085,0.1664,-0.0269,2026-04-27,276.86,278.23,276.25,277.1,801245.0,276.95763
2026-04-27T23:26:58.279,7,9,IWM260506P00276000,IWM,2026-05-06,put,276.0,3.2,39.0,3.27,48.0,3.2350000000000003,3.67,5.0,0.2366,-0.4207,0.0379,-0.2121,0.1705,-0.0296,2026-04-27,276.86,278.23,276.25,277.1,801245.0,276.95763
2026-04-27T23:26:58.279,7,9,IWM260506P00277000,IWM,2026-05-06,put,277.0,3.59,46.0,3.67,39.0,3.63,3.76,1.0,0.2332,-0.4587,0.039,-0.2111,0.173,-0.0323,2026-04-27,276.86,278.23,276.25,277.1,801245.0,276.95763
2026-04-27T23:26:58.279,7,9,IWM260506P00278000,IWM,2026-05-06,put,278.0,4.1,38.0,4.17,28.0,4.135,4.4,1.0,0.2339,-0.4978,0.0391,-0.2118,0.1739,-0.0351,2026-04-27,276.86,278.23,276.25,277.1,801245.0,276.95763
2026-04-27T23:26:58.279,7,9,IWM260506P00279000,IWM,2026-05-06,put,279.0,4.54,39.0,4.62,34.0,4.58,4.76,1.0,0.2289,-0.5379,0.0398,-0.2049,0.1731,-0.0379,2026-04-27,276.86,278.23,276.25,277.1,801245.0,276.95763
2026-04-27T23:26:58.279,7,9,IWM260506P00280000,IWM,2026-05-06,put,280.0,5.1,16.0,5.17,29.0,5.135,6.17,1.0,0.228,-0.5775,0.0394,-0.1996,0.1706,-0.0408,2026-04-27,276.86,278.23,276.25,277.1,801245.0,276.95763
2026-04-27T23:26:58.279,7,9,IWM260506P00281000,IWM,2026-05-06,put,281.0,5.75,14.0,5.82,16.0,5.785,5.85,1.0,0.2304,-0.6147,0.0381,-0.1958,0.1667,-0.0435,2026-04-27,276.86,278.23,276.25,277.1,801245.0,276.95763
2026-04-27T23:26:58.279,7,9,IWM260506P00282000,IWM,2026-05-06,put,282.0,6.19,6.0,6.53,27.0,6.36,,,0.226,-0.6548,0.0374,-0.1829,0.1607,-0.0464,2026-04-27,276.86,278.23,276.25,277.1,801245.0,276.95763
2026-04-27T23:26:58.279,7,9,IWM260506P00283000,IWM,2026-05-06,put,283.0,7.08,18.0,7.2,20.0,7.140000000000001,7.34,10.0,0.2321,-0.6857,0.0351,-0.1798,0.1547,-0.0487,2026-04-27,276.86,278.23,276.25,277.1,801245.0,276.95763
2026-04-27T23:26:58.279,7,9,IWM260506P00284000,IWM,2026-05-06,put,284.0,7.69,5.0,7.83,11.0,7.76,7.88,2.0,0.2257,-0.7251,0.0339,-0.1615,0.1454,-0.0516,2026-04-27,276.86,278.23,276.25,277.1,801245.0,276.95763
2026-04-27T23:26:58.279,7,9,IWM260506P00285000,IWM,2026-05-06,put,285.0,8.38,13.0,8.62,19.0,8.5,,,0.2248,-0.7581,0.0319,-0.1482,0.1361,-0.054,2026-04-27,276.86,278.23,276.25,277.1,801245.0,276.95763
2026-04-27T23:26:58.279,7,9,IWM260506P00286000,IWM,2026-05-06,put,286.0,9.44,1.0,9.52,14.0,9.48,,,0.24,-0.7723,0.0289,-0.1533,0.1316,-0.0552,2026-04-27,276.86,278.23,276.25,277.1,801245.0,276.95763
2026-04-27T23:26:58.279,7,9,IWM260506P00287000,IWM,2026-05-06,put,287.0,10.26,14.0,10.39,22.0,10.325,,,0.244,-0.7952,0.0267,-0.1448,0.1238,-0.057,2026-04-27,276.86,278.23,276.25,277.1,801245.0,276.95763
2026-04-27T23:26:58.279,7,9,IWM260506P00288000,IWM,2026-05-06,put,288.0,10.98,1.0,11.23,7.0,11.105,,,0.2407,-0.8234,0.0247,-0.1273,0.113,-0.0591,2026-04-27,276.86,278.23,276.25,277.1,801245.0,276.95763
2026-04-27T23:26:58.279,7,9,IWM260506P00289000,IWM,2026-05-06,put,289.0,11.9,6.0,12.3,6.0,12.100000000000001,,,0.255,-0.8317,0.0226,-0.131,0.1096,-0.0599,2026-04-27,276.86,278.23,276.25,277.1,801245.0,276.95763
2026-04-27T23:26:58.279,7,9,IWM260506P00290000,IWM,2026-05-06,put,290.0,13.06,10.0,13.22,6.0,13.14,,,0.2731,-0.8352,0.0208,-0.1396,0.1081,-0.0604,2026-04-27,276.86,278.23,276.25,277.1,801245.0,276.95763
2026-04-27T23:26:58.279,7,9,IWM260506P00292500,IWM,2026-05-06,put,292.5,15.36,10.0,15.61,1.0,15.485,,,0.2925,-0.8631,0.0172,-0.1298,0.0956,-0.0629,2026-04-27,276.86,278.23,276.25,277.1,801245.0,276.95763
2026-04-27T23:26:58.279,7,9,IWM260506P00300000,IWM,2026-05-06,put,300.0,22.61,10.0,22.76,7.0,22.685000000000002,23.2,5.0,0.3478,-0.9155,0.0102,-0.1029,0.0675,-0.0683,2026-04-27,276.86,278.23,276.25,277.1,801245.0,276.95763
2026-04-27T23:26:58.279,7,9,IWM260506P00310000,IWM,2026-05-06,put,310.0,32.28,10.0,32.65,1.0,32.465,,,0.4139,-0.9506,0.0057,-0.0728,0.0445,-0.0731,2026-04-27,276.86,278.23,276.25,277.1,801245.0,276.95763
2026-04-27T23:26:58.279,7,9,IWM260506P00320000,IWM,2026-05-06,put,320.0,42.67,1.0,42.78,1.0,42.725,,,0.5659,-0.9387,0.0049,-0.1358,0.0528,-0.0748,2026-04-27,276.86,278.23,276.25,277.1,801245.0,276.95763
2026-04-27T23:26:58.279,7,9,IWM260506P00330000,IWM,2026-05-06,put,330.0,52.61,10.0,54.02,1.0,53.315,,,0.7634,-0.9154,0.0047,-0.2562,0.0676,-0.0758,2026-04-27,276.86,278.23,276.25,277.1,801245.0,276.95763
2026-04-27T23:26:58.279,7,10,IWM260507C00230000,IWM,2026-05-07,call,230.0,46.67,1.0,47.1,1.0,46.885000000000005,,,,,,,,,2026-04-27,276.86,278.23,276.25,277.1,801245.0,276.95763
2026-04-27T23:26:58.279,7,10,IWM260507C00240000,IWM,2026-05-07,call,240.0,37.11,1.0,37.18,1.0,37.144999999999996,,,,,,,,,2026-04-27,276.86,278.23,276.25,277.1,801245.0,276.95763
2026-04-27T23:26:58.279,7,10,IWM260507C00247500,IWM,2026-05-07,call,247.5,30.37,1.0,30.51,1.0,30.44,,,0.3221,0.9861,0.0024,-0.0505,0.0163,0.0667,2026-04-27,276.86,278.23,276.25,277.1,801245.0,276.95763
2026-04-27T23:26:58.279,7,10,IWM260507C00250000,IWM,2026-05-07,call,250.0,27.74,1.0,27.91,1.0,27.825,,,,,,,,,2026-04-27,276.86,278.23,276.25,277.1,801245.0,276.95763
2026-04-27T23:26:58.279,7,10,IWM260507C00252500,IWM,2026-05-07,call,252.5,24.63,6.0,25.36,6.0,24.994999999999997,,,,,,,,,2026-04-27,276.86,278.23,276.25,277.1,801245.0,276.95763
2026-04-27T23:26:58.279,7,10,IWM260507C00255000,IWM,2026-05-07,call,255.0,22.26,1.0,23.02,1.0,22.64,,,,,,,,,2026-04-27,276.86,278.23,276.25,277.1,801245.0,276.95763
2026-04-27T23:26:58.279,7,10,IWM260507C00257500,IWM,2026-05-07,call,257.5,20.42,1.0,20.59,1.0,20.505000000000003,18.45,5.0,0.2458,0.9709,0.0059,-0.0623,0.0305,0.0682,2026-04-27,276.86,278.23,276.25,277.1,801245.0,276.95763
2026-04-27T23:26:58.279,7,10,IWM260507C00260000,IWM,2026-05-07,call,260.0,17.98,1.0,18.14,1.0,18.060000000000002,,,0.2339,0.959,0.0082,-0.072,0.0404,0.068,2026-04-27,276.86,278.23,276.25,277.1,801245.0,276.95763
2026-04-27T23:26:58.279,7,10,IWM260507C00262500,IWM,2026-05-07,call,262.5,15.32,15.0,15.78,5.0,15.55,,,0.2033,0.9564,0.0099,-0.0681,0.0425,0.0685,2026-04-27,276.86,278.23,276.25,277.1,801245.0,276.95763
2026-04-27T23:26:58.279,7,10,IWM260507C00265000,IWM,2026-05-07,call,265.0,13.37,6.0,13.49,5.0,13.43,12.79,1.0,0.2327,0.8949,0.017,-0.1207,0.0836,0.0644,2026-04-27,276.86,278.23,276.25,277.1,801245.0,276.95763
2026-04-27T23:26:58.279,7,10,IWM260507C00266000,IWM,2026-05-07,call,266.0,12.28,6.0,12.39,5.0,12.335,12.0,1.0,0.2077,0.9015,0.0182,-0.1065,0.0798,0.0652,2026-04-27,276.86,278.23,276.25,277.1,801245.0,276.95763
2026-04-27T23:26:58.279,7,10,IWM260507C00267000,IWM,2026-05-07,call,267.0,11.3,16.0,11.6,13.0,11.45,11.19,1.0,0.2076,0.8813,0.0208,-0.1179,0.0912,0.0639,2026-04-27,276.86,278.23,276.25,277.1,801245.0,276.95763
2026-04-27T23:26:58.279,7,10,IWM260507C00268000,IWM,2026-05-07,call,268.0,10.68,24.0,10.69,13.0,10.684999999999999,10.49,1.0,0.2167,0.8482,0.0236,-0.1394,0.108,0.0616,2026-04-27,276.86,278.23,276.25,277.1,801245.0,276.95763
2026-04-27T23:26:58.279,7,10,IWM260507C00269000,IWM,2026-05-07,call,269.0,9.68,16.0,9.75,15.0,9.715,9.41,1.0,0.2044,0.8362,0.0263,-0.1382,0.1135,0.0609,2026-04-27,276.86,278.23,276.25,277.1,801245.0,276.95763
2026-04-27T23:26:58.279,7,10,IWM260507C00270000,IWM,2026-05-07,call,270.0,8.83,14.0,9.01,6.0,8.92,9.59,2.0,0.2057,0.8061,0.0291,-0.1513,0.1263,0.0589,2026-04-27,276.86,278.23,276.25,277.1,801245.0,276.95763
2026-04-27T23:26:58.279,7,10,IWM260507C00271000,IWM,2026-05-07,call,271.0,8.09,16.0,8.39,5.0,8.24,7.88,1.0,0.2129,0.7675,0.0312,-0.1699,0.1404,0.0561,2026-04-27,276.86,278.23,276.25,277.1,801245.0,276.95763
2026-04-27T23:26:58.279,7,10,IWM260507C00272000,IWM,2026-05-07,call,272.0,7.36,1.0,7.63,18.0,7.495,7.36,1.0,0.2125,0.7347,0.0336,-0.1796,0.1506,0.0538,2026-04-27,276.86,278.23,276.25,277.1,801245.0,276.95763
2026-04-27T23:26:58.279,7,10,IWM260507C00273000,IWM,2026-05-07,call,273.0,6.79,1.0,6.81,17.0,6.8,7.13,14.0,0.2131,0.699,0.0356,-0.1892,0.16,0.0513,2026-04-27,276.86,278.23,276.25,277.1,801245.0,276.95763
2026-04-27T23:26:58.279,7,10,IWM260507C00274000,IWM,2026-05-07,call,274.0,5.93,28.0,6.06,25.0,5.994999999999999,6.34,14.0,0.2049,0.6676,0.0386,-0.1889,0.1669,0.0491,2026-04-27,276.86,278.23,276.25,277.1,801245.0,276.95763
2026-04-27T23:26:58.279,7,10,IWM260507C00275000,IWM,2026-05-07,call,275.0,5.42,45.0,5.48,81.0,5.45,5.76,6.0,0.2101,0.625,0.0393,-0.1997,0.1742,0.046,2026-04-27,276.86,278.23,276.25,277.1,801245.0,276.95763
2026-04-27T23:26:58.279,7,10,IWM260507C00276000,IWM,2026-05-07,call,276.0,4.82,37.0,4.83,37.0,4.825,4.96,1.0,0.2082,0.5855,0.0407,-0.2021,0.1791,0.0432,2026-04-27,276.86,278.23,276.25,277.1,801245.0,276.95763
2026-04-27T23:26:58.279,7,10,IWM260507C00277000,IWM,2026-05-07,call,277.0,4.2,54.0,4.26,35.0,4.23,4.14,1.0,0.2057,0.5446,0.0419,-0.202,0.1822,0.0403,2026-04-27,276.86,278.23,276.25,277.1,801245.0,276.95763
2026-04-27T23:26:58.279,7,10,IWM260507C00278000,IWM,2026-05-07,call,278.0,3.65,39.0,3.67,52.0,3.66,3.58,3.0,0.2024,0.5023,0.0429,-0.1991,0.1833,0.0372,2026-04-27,276.86,278.23,276.25,277.1,801245.0,276.95763
2026-04-27T23:26:58.279,7,10,IWM260507C00279000,IWM,2026-05-07,call,279.0,3.05,37.0,3.11,20.0,3.08,3.11,1.0,0.1962,0.4579,0.044,-0.1912,0.1823,0.034,2026-04-27,276.86,278.23,276.25,277.1,801245.0,276.95763
2026-04-27T23:26:58.279,7,10,IWM260507C00280000,IWM,2026-05-07,call,280.0,2.61,91.0,2.62,42.0,2.615,2.65,1.0,0.1939,0.4134,0.0437,-0.1847,0.179,0.0307,2026-04-27,276.86,278.23,276.25,277.1,801245.0,276.95763
2026-04-27T23:26:58.279,7,10,IWM260507C00281000,IWM,2026-05-07,call,281.0,2.17,59.0,2.24,41.0,2.205,2.16,40.0,0.1921,0.3694,0.0427,-0.1766,0.1734,0.0275,2026-04-27,276.86,278.23,276.25,277.1,801245.0,276.95763
2026-04-27T23:26:58.279,7,10,IWM260507C00282000,IWM,2026-05-07,call,282.0,1.86,130.0,1.9,92.0,1.88,1.84,1.0,0.1928,0.3288,0.0408,-0.1691,0.1662,0.0245,2026-04-27,276.86,278.23,276.25,277.1,801245.0,276.95763
2026-04-27T23:26:58.279,7,10,IWM260507C00283000,IWM,2026-05-07,call,283.0,1.49,144.0,1.54,98.0,1.5150000000000001,1.52,1.0,0.1885,0.2851,0.0392,-0.1548,0.156,0.0213,2026-04-27,276.86,278.23,276.25,277.1,801245.0,276.95763
2026-04-27T23:26:58.279,7,10,IWM260507C00284000,IWM,2026-05-07,call,284.0,1.25,132.0,1.29,106.0,1.27,1.23,7.0,0.1893,0.2489,0.0365,-0.1446,0.1457,0.0186,2026-04-27,276.86,278.23,276.25,277.1,801245.0,276.95763
2026-04-27T23:26:58.279,7,10,IWM260507C00285000,IWM,2026-05-07,call,285.0,1.01,184.0,1.02,105.0,1.0150000000000001,1.01,18.0,0.1868,0.2116,0.0337,-0.13,0.133,0.0158,2026-04-27,276.86,278.23,276.25,277.1,801245.0,276.95763
2026-04-27T23:26:58.279,7,10,IWM260507C00286000,IWM,2026-05-07,call,286.0,0.81,147.0,0.85,93.0,0.8300000000000001,0.84,1.0,0.187,0.1805,0.0306,-0.1178,0.1208,0.0135,2026-04-27,276.86,278.23,276.25,277.1,801245.0,276.95763
2026-04-27T23:26:58.279,7,10,IWM260507C00287500,IWM,2026-05-07,call,287.5,0.53,189.0,0.6,71.0,0.565,0.57,17.0,0.1833,0.1346,0.0257,-0.0949,0.0996,0.0101,2026-04-27,276.86,278.23,276.25,277.1,801245.0,276.95763
2026-04-27T23:26:58.279,7,10,IWM260507C00290000,IWM,2026-05-07,call,290.0,0.27,165.0,0.34,107.0,0.30500000000000005,0.34,1.0,0.1823,0.0811,0.0179,-0.0651,0.069,0.0061,2026-04-27,276.86,278.23,276.25,277.1,801245.0,276.95763
2026-04-27T23:26:58.279,7,10,IWM260507C00292500,IWM,2026-05-07,call,292.5,0.13,163.0,0.2,162.0,0.165,0.17,10.0,0.1838,0.0476,0.0117,-0.0432,0.0456,0.0036,2026-04-27,276.86,278.23,276.25,277.1,801245.0,276.95763
2026-04-27T23:26:58.279,7,10,IWM260507C00295000,IWM,2026-05-07,call,295.0,0.1,110.0,0.12,87.0,0.11,,,0.1932,0.0321,0.0081,-0.0328,0.033,0.0024,2026-04-27,276.86,278.23,276.25,277.1,801245.0,276.95763
2026-04-27T23:26:58.279,7,10,IWM260507C00300000,IWM,2026-05-07,call,300.0,0.01,292.0,0.03,219.0,0.02,0.03,10.0,0.1876,0.0072,0.0023,-0.0088,0.0091,0.0005,2026-04-27,276.86,278.23,276.25,277.1,801245.0,276.95763
2026-04-27T23:26:58.279,7,10,IWM260507C00310000,IWM,2026-05-07,call,310.0,0.0,0.0,0.01,149.0,0.005,0.03,2.0,,,,,,,2026-04-27,276.86,278.23,276.25,277.1,801245.0,276.95763
2026-04-27T23:26:58.279,7,10,IWM260507C00320000,IWM,2026-05-07,call,320.0,0.0,0.0,0.01,176.0,0.005,,,,,,,,,2026-04-27,276.86,278.23,276.25,277.1,801245.0,276.95763
2026-04-27T23:26:58.279,7,10,IWM260507C00330000,IWM,2026-05-07,call,330.0,0.0,0.0,0.01,114.0,0.005,,,,,,,,,2026-04-27,276.86,278.23,276.25,277.1,801245.0,276.95763
2026-04-27T23:26:58.279,7,10,IWM260507P00230000,IWM,2026-05-07,put,230.0,0.01,149.0,0.06,119.0,0.034999999999999996,,,0.4525,-0.0052,0.0007,-0.0154,0.0069,-0.0004,2026-04-27,276.86,278.23,276.25,277.1,801245.0,276.95763
2026-04-27T23:26:58.279,7,10,IWM260507P00240000,IWM,2026-05-07,put,240.0,0.05,101.0,0.08,111.0,0.065,0.09,1.0,0.389,-0.0105,0.0016,-0.0245,0.0127,-0.0008,2026-04-27,276.86,278.23,276.25,277.1,801245.0,276.95763
2026-04-27T23:26:58.279,7,10,IWM260507P00247500,IWM,2026-05-07,put,247.5,0.1,129.0,0.12,121.0,0.11,,,0.3415,-0.0189,0.0029,-0.0356,0.0212,-0.0015,2026-04-27,276.86,278.23,276.25,277.1,801245.0,276.95763
2026-04-27T23:26:58.279,7,10,IWM260507P00250000,IWM,2026-05-07,put,250.0,0.09,88.0,0.15,120.0,0.12,0.13,9.0,0.3203,-0.0216,0.0035,-0.0374,0.0237,-0.0017,2026-04-27,276.86,278.23,276.25,277.1,801245.0,276.95763
2026-04-27T23:26:58.279,7,10,IWM260507P00252500,IWM,2026-05-07,put,252.5,0.13,182.0,0.2,244.0,0.165,0.18,10.0,0.3106,-0.0294,0.0047,-0.0469,0.0307,-0.0023,2026-04-27,276.86,278.23,276.25,277.1,801245.0,276.95763
2026-04-27T23:26:58.279,7,10,IWM260507P00255000,IWM,2026-05-07,put,255.0,0.2,46.0,0.22,120.0,0.21000000000000002,0.5,1.0,0.2965,-0.0378,0.006,-0.055,0.0378,-0.0029,2026-04-27,276.86,278.23,276.25,277.1,801245.0,276.95763
2026-04-27T23:26:58.279,7,10,IWM260507P00257500,IWM,2026-05-07,put,257.5,0.33,55.0,0.35,151.0,0.33999999999999997,0.66,2.0,0.2965,-0.0573,0.0084,-0.0767,0.0528,-0.0045,2026-04-27,276.86,278.23,276.25,277.1,801245.0,276.95763
2026-04-27T23:26:58.279,7,10,IWM260507P00260000,IWM,2026-05-07,put,260.0,0.4,162.0,0.48,232.0,0.44,0.44,1.0,0.283,-0.0743,0.0108,-0.0893,0.0646,-0.0058,2026-04-27,276.86,278.23,276.25,277.1,801245.0,276.95763
2026-04-27T23:26:58.279,7,10,IWM260507P00262500,IWM,2026-05-07,put,262.5,0.63,73.0,0.66,208.0,0.645,0.7,100.0,0.2782,-0.1037,0.0141,-0.1123,0.0828,-0.0081,2026-04-27,276.86,278.23,276.25,277.1,801245.0,276.95763
2026-04-27T23:26:58.279,7,10,IWM260507P00265000,IWM,2026-05-07,put,265.0,0.83,89.0,0.87,261.0,0.85,0.93,2.0,0.2657,-0.1351,0.0178,-0.1288,0.0998,-0.0105,2026-04-27,276.86,278.23,276.25,277.1,801245.0,276.95763
2026-04-27T23:26:58.279,7,10,IWM260507P00266000,IWM,2026-05-07,put,266.0,0.95,141.0,0.99,187.0,0.97,0.99,9.0,0.2625,-0.1518,0.0195,-0.1374,0.108,-0.0118,2026-04-27,276.86,278.23,276.25,277.1,801245.0,276.95763
2026-04-27T23:26:58.279,7,10,IWM260507P00267000,IWM,2026-05-07,put,267.0,1.13,122.0,1.18,178.0,1.1549999999999998,1.11,10.0,0.2635,-0.1739,0.0212,-0.1505,0.118,-0.0135,2026-04-27,276.86,278.23,276.25,277.1,801245.0,276.95763
2026-04-27T23:26:58.279,7,10,IWM260507P00268000,IWM,2026-05-07,put,268.0,1.29,1.0,1.33,70.0,1.31,1.38,26.0,0.2602,-0.1939,0.023,-0.1588,0.1263,-0.0151,2026-04-27,276.86,278.23,276.25,277.1,801245.0,276.95763
2026-04-27T23:26:58.279,7,10,IWM260507P00269000,IWM,2026-05-07,put,269.0,1.43,12.0,1.51,221.0,1.47,1.53,2.0,0.2559,-0.2149,0.0248,-0.1657,0.1342,-0.0168,2026-04-27,276.86,278.23,276.25,277.1,801245.0,276.95763
2026-04-27T23:26:58.279,7,10,IWM260507P00270000,IWM,2026-05-07,put,270.0,1.66,127.0,1.67,207.0,1.665,1.67,1.0,0.2527,-0.2388,0.0267,-0.1732,0.1425,-0.0186,2026-04-27,276.86,278.23,276.25,277.1,801245.0,276.95763
2026-04-27T23:26:58.279,7,10,IWM260507P00271000,IWM,2026-05-07,put,271.0,1.89,14.0,1.93,128.0,1.91,1.99,1.0,0.2513,-0.266,0.0284,-0.1819,0.1508,-0.0208,2026-04-27,276.86,278.23,276.25,277.1,801245.0,276.95763
2026-04-27T23:26:58.279,7,10,IWM260507P00272000,IWM,2026-05-07,put,272.0,2.08,3.0,2.18,108.0,2.13,2.16,4.0,0.2466,-0.2926,0.0303,-0.1864,0.1579,-0.0228,2026-04-27,276.86,278.23,276.25,277.1,801245.0,276.95763
2026-04-27T23:26:58.279,7,10,IWM260507P00273000,IWM,2026-05-07,put,273.0,2.4,61.0,2.45,153.0,2.425,2.48,6.0,0.2449,-0.3232,0.0319,-0.1929,0.165,-0.0252,2026-04-27,276.86,278.23,276.25,277.1,801245.0,276.95763
2026-04-27T23:26:58.279,7,10,IWM260507P00274000,IWM,2026-05-07,put,274.0,2.66,16.0,2.71,2.0,2.685,2.95,1.0,0.2394,-0.3534,0.0338,-0.1944,0.1708,-0.0276,2026-04-27,276.86,278.23,276.25,277.1,801245.0,276.95763
2026-04-27T23:26:58.279,7,10,IWM260507P00275000,IWM,2026-05-07,put,275.0,3.01,35.0,3.03,47.0,3.0199999999999996,3.72,3.0,0.2365,-0.387,0.0352,-0.1971,0.1759,-0.0303,2026-04-27,276.86,278.23,276.25,277.1,801245.0,276.95763
2026-04-27T23:26:58.279,7,10,IWM260507P00276000,IWM,2026-05-07,put,276.0,3.38,42.0,3.4,54.0,3.3899999999999997,3.64,1.0,0.2338,-0.4222,0.0364,-0.1982,0.1798,-0.033,2026-04-27,276.86,278.23,276.25,277.1,801245.0,276.95763
2026-04-27T23:26:58.279,7,10,IWM260507P00277000,IWM,2026-05-07,put,277.0,3.87,48.0,3.94,62.0,3.9050000000000002,4.04,5.0,0.237,-0.4594,0.0364,-0.2031,0.1824,-0.036,2026-04-27,276.86,278.23,276.25,277.1,801245.0,276.95763
2026-04-27T23:26:58.279,7,10,IWM260507P00278000,IWM,2026-05-07,put,278.0,4.28,57.0,4.35,52.0,4.3149999999999995,4.97,59.0,0.2325,-0.4962,0.0373,-0.199,0.1833,-0.0389,2026-04-27,276.86,278.23,276.25,277.1,801245.0,276.95763
2026-04-27T23:26:58.279,7,10,IWM260507P00279000,IWM,2026-05-07,put,279.0,4.74,14.0,4.81,36.0,4.775,4.84,1.0,0.2287,-0.5342,0.0378,-0.1936,0.1826,-0.0419,2026-04-27,276.86,278.23,276.25,277.1,801245.0,276.95763
2026-04-27T23:26:58.279,7,10,IWM260507P00280000,IWM,2026-05-07,put,280.0,5.23,21.0,5.36,33.0,5.295,6.46,10.0,0.2261,-0.5725,0.0378,-0.1874,0.1803,-0.045,2026-04-27,276.86,278.23,276.25,277.1,801245.0,276.95763
2026-04-27T23:26:58.279,7,10,IWM260507P00281000,IWM,2026-05-07,put,281.0,5.99,4.0,6.08,13.0,6.035,,,0.2337,-0.6055,0.0358,-0.1894,0.1769,-0.0477,2026-04-27,276.86,278.23,276.25,277.1,801245.0,276.95763
2026-04-27T23:26:58.279,7,10,IWM260507P00282000,IWM,2026-05-07,put,282.0,6.53,21.0,6.63,33.0,6.58,9.11,1.0,0.2284,-0.6439,0.0355,-0.1771,0.1713,-0.0508,2026-04-27,276.86,278.23,276.25,277.1,801245.0,276.95763
2026-04-27T23:26:58.279,7,10,IWM260507P00283000,IWM,2026-05-07,put,283.0,7.3,20.0,7.34,21.0,7.32,7.74,10.0,0.2324,-0.6751,0.0337,-0.1727,0.1654,-0.0534,2026-04-27,276.86,278.23,276.25,277.1,801245.0,276.95763
2026-04-27T23:26:58.279,7,10,IWM260507P00284000,IWM,2026-05-07,put,284.0,7.94,5.0,8.06,13.0,8.0,,,0.2308,-0.7087,0.0323,-0.1616,0.1576,-0.0561,2026-04-27,276.86,278.23,276.25,277.1,801245.0,276.95763
2026-04-27T23:26:58.279,7,10,IWM260507P00285000,IWM,2026-05-07,put,285.0,8.56,15.0,8.64,1.0,8.600000000000001,,,0.2216,-0.7485,0.0313,-0.1408,0.1465,-0.0593,2026-04-27,276.86,278.23,276.25,277.1,801245.0,276.95763
2026-04-27T23:26:58.279,7,10,IWM260507P00286000,IWM,2026-05-07,put,286.0,9.51,14.0,9.77,25.0,9.64,,,0.2406,-0.7586,0.0282,-0.1505,0.1433,-0.0603,2026-04-27,276.86,278.23,276.25,277.1,801245.0,276.95763
2026-04-27T23:26:58.279,7,10,IWM260507P00287500,IWM,2026-05-07,put,287.5,10.56,10.0,10.92,9.0,10.74,,,0.2341,-0.8044,0.0257,-0.1253,0.1269,-0.0641,2026-04-27,276.86,278.23,276.25,277.1,801245.0,276.95763
2026-04-27T23:26:58.279,7,10,IWM260507P00290000,IWM,2026-05-07,put,290.0,13.08,8.0,13.34,7.0,13.21,13.18,2.0,0.2672,-0.8269,0.0209,-0.133,0.1177,-0.0665,2026-04-27,276.86,278.23,276.25,277.1,801245.0,276.95763
2026-04-27T23:26:58.279,7,10,IWM260507P00292500,IWM,2026-05-07,put,292.5,15.56,6.0,15.72,1.0,15.64,,,0.2947,-0.8475,0.0174,-0.1346,0.1083,-0.0687,2026-04-27,276.86,278.23,276.25,277.1,801245.0,276.95763
2026-04-27T23:26:58.279,7,10,IWM260507P00295000,IWM,2026-05-07,put,295.0,17.51,6.0,17.93,10.0,17.72,,,0.2819,-0.8956,0.014,-0.0908,0.0832,-0.073,2026-04-27,276.86,278.23,276.25,277.1,801245.0,276.95763
2026-04-27T23:26:58.279,7,10,IWM260507P00300000,IWM,2026-05-07,put,300.0,22.77,6.0,23.41,1.0,23.09,,,0.3828,-0.8802,0.0114,-0.1491,0.0918,-0.0733,2026-04-27,276.86,278.23,276.25,277.1,801245.0,276.95763
2026-04-27T23:26:58.279,7,10,IWM260507P00310000,IWM,2026-05-07,put,310.0,32.42,1.0,32.549,1.0,32.4845,,,0.4027,-0.9459,0.0059,-0.0722,0.0504,-0.0808,2026-04-27,276.86,278.23,276.25,277.1,801245.0,276.95763
2026-04-27T23:26:58.279,7,10,IWM260507P00320000,IWM,2026-05-07,put,320.0,42.1,10.0,42.8,1.0,42.45,,,0.4871,-0.9563,0.0041,-0.0729,0.0425,-0.0844,2026-04-27,276.86,278.23,276.25,277.1,801245.0,276.95763
2026-04-27T23:26:58.279,7,10,IWM260507P00330000,IWM,2026-05-07,put,330.0,53.79,10.0,53.93,1.0,53.86,,,0.7975,-0.8917,0.0051,-0.3106,0.0854,-0.0826,2026-04-27,276.86,278.23,276.25,277.1,801245.0,276.95763
2026-04-27T23:26:58.279,14,11,IWM260508C00140000,IWM,2026-05-08,call,140.0,135.07,1.0,139.17,1.0,137.12,,,,,,,,,2026-04-27,276.86,278.23,276.25,277.1,801245.0,276.95763
2026-04-27T23:26:58.279,14,11,IWM260508C00145000,IWM,2026-05-08,call,145.0,132.43,1.0,134.24,10.0,133.335,,,,,,,,,2026-04-27,276.86,278.23,276.25,277.1,801245.0,276.95763
2026-04-27T23:26:58.279,14,11,IWM260508C00150000,IWM,2026-05-08,call,150.0,127.26,1.0,127.41,10.0,127.33500000000001,,,,,,,,,2026-04-27,276.86,278.23,276.25,277.1,801245.0,276.95763
2026-04-27T23:26:58.279,14,11,IWM260508C00155000,IWM,2026-05-08,call,155.0,122.96,10.0,123.95,1.0,123.455,,,,,,,,,2026-04-27,276.86,278.23,276.25,277.1,801245.0,276.95763
2026-04-27T23:26:58.279,14,11,IWM260508C00160000,IWM,2026-05-08,call,160.0,118.35,10.0,118.5,1.0,118.425,,,,,,,,,2026-04-27,276.86,278.23,276.25,277.1,801245.0,276.95763
2026-04-27T23:26:58.279,14,11,IWM260508C00165000,IWM,2026-05-08,call,165.0,114.35,1.0,114.5,1.0,114.425,,,,,,,,,2026-04-27,276.86,278.23,276.25,277.1,801245.0,276.95763
2026-04-27T23:26:58.279,14,11,IWM260508C00170000,IWM,2026-05-08,call,170.0,107.31,1.0,107.46,10.0,107.38499999999999,,,,,,,,,2026-04-27,276.86,278.23,276.25,277.1,801245.0,276.95763
2026-04-27T23:26:58.279,14,11,IWM260508C00175000,IWM,2026-05-08,call,175.0,102.23,10.0,103.99,1.0,103.11,,,,,,,,,2026-04-27,276.86,278.23,276.25,277.1,801245.0,276.95763
2026-04-27T23:26:58.279,14,11,IWM260508C00180000,IWM,2026-05-08,call,180.0,95.37,1.0,97.11,10.0,96.24000000000001,,,,,,,,,2026-04-27,276.86,278.23,276.25,277.1,801245.0,276.95763
2026-04-27T23:26:58.279,14,11,IWM260508C00185000,IWM,2026-05-08,call,185.0,90.45,1.0,94.01,1.0,92.23,,,,,,,,,2026-04-27,276.86,278.23,276.25,277.1,801245.0,276.95763
2026-04-27T23:26:58.279,14,11,IWM260508C00190000,IWM,2026-05-08,call,190.0,85.87,1.0,87.99,10.0,86.93,62.25,1.0,,,,,,,2026-04-27,276.86,278.23,276.25,277.1,801245.0,276.95763
2026-04-27T23:26:58.279,14,11,IWM260508C00195000,IWM,2026-05-08,call,195.0,83.54,1.0,83.68,1.0,83.61000000000001,80.93,1.0,,,,,,,2026-04-27,276.86,278.23,276.25,277.1,801245.0,276.95763
2026-04-27T23:26:58.279,14,11,IWM260508C00200000,IWM,2026-05-08,call,200.0,78.72,1.0,78.9,1.0,78.81,60.64,10.0,,,,,,,2026-04-27,276.86,278.23,276.25,277.1,801245.0,276.95763
2026-04-27T23:26:58.279,14,11,IWM260508C00205000,IWM,2026-05-08,call,205.0,72.6,1.0,73.73,10.0,73.16499999999999,65.069,10.0,,,,,,,2026-04-27,276.86,278.23,276.25,277.1,801245.0,276.95763
2026-04-27T23:26:58.279,14,11,IWM260508C00210000,IWM,2026-05-08,call,210.0,67.48,1.0,68.33,1.0,67.905,,,0.647,0.9946,0.0005,-0.0426,0.0074,0.0628,2026-04-27,276.86,278.23,276.25,277.1,801245.0,276.95763
2026-04-27T23:26:58.279,14,11,IWM260508C00215000,IWM,2026-05-08,call,215.0,61.43,1.0,62.69,1.0,62.06,,,,,,,,,2026-04-27,276.86,278.23,276.25,277.1,801245.0,276.95763
2026-04-27T23:26:58.279,14,11,IWM260508C00220000,IWM,2026-05-08,call,220.0,56.32,1.0,57.84,1.0,57.08,56.47,1.0,,,,,,,2026-04-27,276.86,278.23,276.25,277.1,801245.0,276.95763
2026-04-27T23:26:58.279,14,11,IWM260508C00225000,IWM,2026-05-08,call,225.0,51.27,1.0,51.55,10.0,51.41,51.36,4.0,,,,,,,2026-04-27,276.86,278.23,276.25,277.1,801245.0,276.95763
2026-04-27T23:26:58.279,14,11,IWM260508C00230000,IWM,2026-05-08,call,230.0,46.52,10.0,46.98,1.0,46.75,48.18,1.0,,,,,,,2026-04-27,276.86,278.23,276.25,277.1,801245.0,276.95763
2026-04-27T23:26:58.279,14,11,IWM260508C00234000,IWM,2026-05-08,call,234.0,44.06,1.0,44.25,1.0,44.155,31.87,1.0,0.5296,0.9724,0.0025,-0.0962,0.0306,0.068,2026-04-27,276.86,278.23,276.25,277.1,801245.0,276.95763
2026-04-27T23:26:58.279,14,11,IWM260508C00235000,IWM,2026-05-08,call,235.0,42.09,1.0,43.15,1.0,42.620000000000005,28.74,1.0,,,,,,,2026-04-27,276.86,278.23,276.25,277.1,801245.0,276.95763
2026-04-27T23:26:58.279,14,11,IWM260508C00236000,IWM,2026-05-08,call,236.0,41.04,1.0,42.01,10.0,41.525,28.24,1.0,,,,,,,2026-04-27,276.86,278.23,276.25,277.1,801245.0,276.95763
2026-04-27T23:26:58.279,14,11,IWM260508C00237000,IWM,2026-05-08,call,237.0,39.56,1.0,40.62,1.0,40.09,17.98,1.0,,,,,,,2026-04-27,276.86,278.23,276.25,277.1,801245.0,276.95763
2026-04-27T23:26:58.279,14,11,IWM260508C00238000,IWM,2026-05-08,call,238.0,39.84,1.0,39.99,1.0,39.915000000000006,19.06,1.0,0.3605,0.994,0.001,-0.037,0.0082,0.0711,2026-04-27,276.86,278.23,276.25,277.1,801245.0,276.95763
2026-04-27T23:26:58.279,14,11,IWM260508C00239000,IWM,2026-05-08,call,239.0,39.08,1.0,39.21,1.0,39.144999999999996,38.81,1.0,0.4697,0.9707,0.0029,-0.0916,0.0321,0.0694,2026-04-27,276.86,278.23,276.25,277.1,801245.0,276.95763
2026-04-27T23:26:58.279,14,11,IWM260508C00240000,IWM,2026-05-08,call,240.0,36.84,1.0,37.69,1.0,37.265,37.44,1.0,,,,,,,2026-04-27,276.86,278.23,276.25,277.1,801245.0,276.95763
2026-04-27T23:26:58.279,14,11,IWM260508C00241000,IWM,2026-05-08,call,241.0,36.66,1.0,36.81,10.0,36.735,34.28,15.0,,,,,,,2026-04-27,276.86,278.23,276.25,277.1,801245.0,276.95763
2026-04-27T23:26:58.279,14,11,IWM260508C00242000,IWM,2026-05-08,call,242.0,35.37,10.0,35.52,1.0,35.445,34.59,1.0,,,,,,,2026-04-27,276.86,278.23,276.25,277.1,801245.0,276.95763
2026-04-27T23:26:58.279,14,11,IWM260508C00242500,IWM,2026-05-08,call,242.5,34.25,1.0,34.99,1.0,34.620000000000005,21.02,1.0,,,,,,,2026-04-27,276.86,278.23,276.25,277.1,801245.0,276.95763
2026-04-27T23:26:58.279,14,11,IWM260508C00243000,IWM,2026-05-08,call,243.0,34.91,1.0,35.05,1.0,34.98,33.33,2.0,0.3613,0.9851,0.0022,-0.0536,0.0182,0.0719,2026-04-27,276.86,278.23,276.25,277.1,801245.0,276.95763
2026-04-27T23:26:58.279,14,11,IWM260508C00244000,IWM,2026-05-08,call,244.0,34.05,1.0,34.19,1.0,34.12,32.34,1.0,0.4062,0.97,0.0035,-0.0839,0.0328,0.0709,2026-04-27,276.86,278.23,276.25,277.1,801245.0,276.95763
2026-04-27T23:26:58.279,14,11,IWM260508C00245000,IWM,2026-05-08,call,245.0,32.9,1.0,33.06,1.0,32.980000000000004,32.33,1.0,0.341,0.9846,0.0024,-0.0529,0.0187,0.0724,2026-04-27,276.86,278.23,276.25,277.1,801245.0,276.95763
2026-04-27T23:26:58.279,14,11,IWM260508C00246000,IWM,2026-05-08,call,246.0,31.11,1.0,31.16,1.0,31.134999999999998,30.29,2.0,,,,,,,2026-04-27,276.86,278.23,276.25,277.1,801245.0,276.95763
2026-04-27T23:26:58.279,14,11,IWM260508C00247000,IWM,2026-05-08,call,247.0,31.04,1.0,31.13,1.0,31.085,30.6,2.0,0.3626,0.9717,0.0037,-0.0753,0.0313,0.0719,2026-04-27,276.86,278.23,276.25,277.1,801245.0,276.95763
2026-04-27T23:26:58.279,14,11,IWM260508C00247500,IWM,2026-05-08,call,247.5,30.36,1.0,30.51,10.0,30.435000000000002,22.89,1.0,0.2869,0.9907,0.0018,-0.0401,0.0121,0.0737,2026-04-27,276.86,278.23,276.25,277.1,801245.0,276.95763
2026-04-27T23:26:58.279,14,11,IWM260508C00248000,IWM,2026-05-08,call,248.0,28.94,1.0,29.34,1.0,29.14,29.59,1.0,,,,,,,2026-04-27,276.86,278.23,276.25,277.1,801245.0,276.95763
2026-04-27T23:26:58.279,14,11,IWM260508C00249000,IWM,2026-05-08,call,249.0,28.81,1.0,29.07,1.0,28.939999999999998,28.31,2.0,0.2763,0.9897,0.0021,-0.041,0.0132,0.0741,2026-04-27,276.86,278.23,276.25,277.1,801245.0,276.95763
2026-04-27T23:26:58.279,14,11,IWM260508C00250000,IWM,2026-05-08,call,250.0,27.4,1.0,27.55,1.0,27.475,27.22,1.0,,,,,,,2026-04-27,276.86,278.23,276.25,277.1,801245.0,276.95763
2026-04-27T23:26:58.279,14,11,IWM260508C00251000,IWM,2026-05-08,call,251.0,26.61,6.0,26.93,1.0,26.77,27.58,1.0,,,,,,,2026-04-27,276.86,278.23,276.25,277.1,801245.0,276.95763
2026-04-27T23:26:58.279,14,11,IWM260508C00252000,IWM,2026-05-08,call,252.0,25.68,1.0,26.08,1.0,25.88,26.28,1.0,,,,,,,2026-04-27,276.86,278.23,276.25,277.1,801245.0,276.95763
2026-04-27T23:26:58.279,14,11,IWM260508C00252500,IWM,2026-05-08,call,252.5,25.37,1.0,25.53,1.0,25.450000000000003,24.75,2.0,0.2494,0.9874,0.0027,-0.0426,0.0157,0.0749,2026-04-27,276.86,278.23,276.25,277.1,801245.0,276.95763
2026-04-27T23:26:58.279,14,11,IWM260508C00253000,IWM,2026-05-08,call,253.0,24.12,10.0,24.8,1.0,24.46,24.29,8.0,,,,,,,2026-04-27,276.86,278.23,276.25,277.1,801245.0,276.95763
2026-04-27T23:26:58.279,14,11,IWM260508C00254000,IWM,2026-05-08,call,254.0,23.65,1.0,23.8,6.0,23.725,24.53,1.0,,,,,,,2026-04-27,276.86,278.23,276.25,277.1,801245.0,276.95763
2026-04-27T23:26:58.279,14,11,IWM260508C00255000,IWM,2026-05-08,call,255.0,22.74,10.0,22.9,8.0,22.82,22.7,1.0,,,,,,,2026-04-27,276.86,278.23,276.25,277.1,801245.0,276.95763
2026-04-27T23:26:58.279,14,11,IWM260508C00256000,IWM,2026-05-08,call,256.0,21.71,6.0,22.08,6.0,21.895,21.41,1.0,,,,,,,2026-04-27,276.86,278.23,276.25,277.1,801245.0,276.95763
2026-04-27T23:26:58.279,14,11,IWM260508C00257000,IWM,2026-05-08,call,257.0,21.1,10.0,21.26,10.0,21.18,21.12,1.0,0.2769,0.9508,0.0076,-0.0859,0.0491,0.0732,2026-04-27,276.86,278.23,276.25,277.1,801245.0,276.95763
2026-04-27T23:26:58.279,14,11,IWM260508C00257500,IWM,2026-05-08,call,257.5,20.28,6.0,20.72,1.0,20.5,21.16,3.0,0.2243,0.9762,0.0052,-0.0525,0.0271,0.0755,2026-04-27,276.86,278.23,276.25,277.1,801245.0,276.95763
2026-04-27T23:26:58.279,14,11,IWM260508C00258000,IWM,2026-05-08,call,258.0,20.14,8.0,20.31,7.0,20.225,20.22,2.0,0.2741,0.9437,0.0086,-0.0921,0.0546,0.0729,2026-04-27,276.86,278.23,276.25,277.1,801245.0,276.95763
2026-04-27T23:26:58.279,14,11,IWM260508C00259000,IWM,2026-05-08,call,259.0,18.52,10.0,18.62,6.0,18.57,18.87,3.0,,,,,,,2026-04-27,276.86,278.23,276.25,277.1,801245.0,276.95763
2026-04-27T23:26:58.279,14,11,IWM260508C00260000,IWM,2026-05-08,call,260.0,18.22,13.0,18.34,6.0,18.28,17.86,5.0,0.2602,0.933,0.0104,-0.098,0.0626,0.0726,2026-04-27,276.86,278.23,276.25,277.1,801245.0,276.95763
2026-04-27T23:26:58.279,14,11,IWM260508C00261000,IWM,2026-05-08,call,261.0,16.86,13.0,16.93,15.0,16.895,16.53,1.0,,,,,,,2026-04-27,276.86,278.23,276.25,277.1,801245.0,276.95763
2026-04-27T23:26:58.279,14,11,IWM260508C00262000,IWM,2026-05-08,call,262.0,16.329,11.0,16.379,11.0,16.354,16.53,1.0,0.2471,0.9188,0.0126,-0.1051,0.0725,0.0719,2026-04-27,276.86,278.23,276.25,277.1,801245.0,276.95763
2026-04-27T23:26:58.279,14,11,IWM260508C00262500,IWM,2026-05-08,call,262.5,15.71,14.0,15.84,14.0,15.775,15.27,2.0,0.2297,0.9267,0.0126,-0.094,0.067,0.0728,2026-04-27,276.86,278.23,276.25,277.1,801245.0,276.95763
2026-04-27T23:26:58.279,14,11,IWM260508C00263000,IWM,2026-05-08,call,263.0,15.33,13.0,15.35,5.0,15.34,14.89,1.0,0.2329,0.917,0.0136,-0.1018,0.0736,0.0721,2026-04-27,276.86,278.23,276.25,277.1,801245.0,276.95763
2026-04-27T23:26:58.279,14,11,IWM260508C00264000,IWM,2026-05-08,call,264.0,14.56,29.0,14.66,2.0,14.61,14.27,1.0,0.2522,0.8841,0.0161,-0.1308,0.0941,0.0696,2026-04-27,276.86,278.23,276.25,277.1,801245.0,276.95763
2026-04-27T23:26:58.279,14,11,IWM260508C00265000,IWM,2026-05-08,call,265.0,13.28,22.0,13.4,6.0,13.34,13.41,1.0,0.2082,0.9091,0.0163,-0.0984,0.0788,0.072,2026-04-27,276.86,278.23,276.25,277.1,801245.0,276.95763
2026-04-27T23:26:58.279,14,11,IWM260508C00266000,IWM,2026-05-08,call,266.0,12.7,14.0,12.81,6.0,12.754999999999999,12.75,1.0,0.2392,0.8592,0.0194,-0.1396,0.1077,0.068,2026-04-27,276.86,278.23,276.25,277.1,801245.0,276.95763
2026-04-27T23:26:58.279,14,11,IWM260508C00267000,IWM,2026-05-08,call,267.0,11.71,5.0,11.97,5.0,11.84,11.63,1.0,0.2326,0.8445,0.0213,-0.1439,0.1151,0.0671,2026-04-27,276.86,278.23,276.25,277.1,801245.0,276.95763
2026-04-27T23:26:58.279,14,11,IWM260508C00268000,IWM,2026-05-08,call,268.0,10.92,14.0,10.96,6.0,10.940000000000001,10.55,30.0,0.2263,0.8277,0.0234,-0.1484,0.123,0.066,2026-04-27,276.86,278.23,276.25,277.1,801245.0,276.95763
2026-04-27T23:26:58.279,14,11,IWM260508C00269000,IWM,2026-05-08,call,269.0,10.15,16.0,10.3,16.0,10.225000000000001,10.2,10.0,0.2329,0.796,0.0252,-0.1655,0.1365,0.0635,2026-04-27,276.86,278.23,276.25,277.1,801245.0,276.95763
2026-04-27T23:26:58.279,14,11,IWM260508C00270000,IWM,2026-05-08,call,270.0,9.27,23.0,9.58,5.0,9.425,9.37,1.0,0.2308,0.7709,0.0272,-0.1736,0.146,0.0617,2026-04-27,276.86,278.23,276.25,277.1,801245.0,276.95763
2026-04-27T23:26:58.279,14,11,IWM260508C00271000,IWM,2026-05-08,call,271.0,8.59,1.0,8.71,13.0,8.65,9.02,1.0,0.2288,0.7438,0.0292,-0.181,0.1551,0.0596,2026-04-27,276.86,278.23,276.25,277.1,801245.0,276.95763
2026-04-27T23:26:58.279,14,11,IWM260508C00272000,IWM,2026-05-08,call,272.0,7.7,11.0,7.82,5.0,7.76,7.79,3.0,0.218,0.7218,0.0319,-0.1794,0.1617,0.0581,2026-04-27,276.86,278.23,276.25,277.1,801245.0,276.95763
2026-04-27T23:26:58.279,14,11,IWM260508C00273000,IWM,2026-05-08,call,273.0,7.25,18.0,7.32,9.0,7.285,7.04,3.0,0.2306,0.6796,0.0322,-0.1988,0.1724,0.0547,2026-04-27,276.86,278.23,276.25,277.1,801245.0,276.95763
2026-04-27T23:26:58.279,14,11,IWM260508C00274000,IWM,2026-05-08,call,274.0,6.36,9.0,6.43,24.0,6.395,6.48,3.0,0.217,0.654,0.0353,-0.1928,0.1778,0.0528,2026-04-27,276.86,278.23,276.25,277.1,801245.0,276.95763
2026-04-27T23:26:58.279,14,11,IWM260508C00275000,IWM,2026-05-08,call,275.0,5.81,44.0,5.86,1.0,5.835,5.68,1.0,0.2204,0.6162,0.036,-0.2008,0.184,0.0498,2026-04-27,276.86,278.23,276.25,277.1,801245.0,276.95763
2026-04-27T23:26:58.279,14,11,IWM260508C00276000,IWM,2026-05-08,call,276.0,5.07,72.0,5.25,1.0,5.16,5.14,10.0,0.2155,0.581,0.0376,-0.1999,0.1883,0.0471,2026-04-27,276.86,278.23,276.25,277.1,801245.0,276.95763
2026-04-27T23:26:58.279,14,11,IWM260508C00277000,IWM,2026-05-08,call,277.0,4.52,41.0,4.61,45.0,4.5649999999999995,4.52,1.0,0.2129,0.5432,0.0386,-0.1996,0.1911,0.0441,2026-04-27,276.86,278.23,276.25,277.1,801245.0,276.95763
2026-04-27T23:26:58.279,14,11,IWM260508C00278000,IWM,2026-05-08,call,278.0,4.05,69.0,4.15,33.0,4.1,3.95,1.0,0.2152,0.5045,0.0385,-0.2016,0.1923,0.041,2026-04-27,276.86,278.23,276.25,277.1,801245.0,276.95763
2026-04-27T23:26:58.279,14,11,IWM260508C00279000,IWM,2026-05-08,call,279.0,3.55,18.0,3.58,20.0,3.565,3.51,1.0,0.2118,0.4655,0.0389,-0.1969,0.1915,0.0379,2026-04-27,276.86,278.23,276.25,277.1,801245.0,276.95763
2026-04-27T23:26:58.279,14,11,IWM260508C00280000,IWM,2026-05-08,call,280.0,3.05,36.0,3.14,5.0,3.0949999999999998,3.0,1.0,0.2097,0.4262,0.0388,-0.1916,0.189,0.0347,2026-04-27,276.86,278.23,276.25,277.1,801245.0,276.95763
2026-04-27T23:26:58.279,14,11,IWM260508C00281000,IWM,2026-05-08,call,281.0,2.65,90.0,2.7,66.0,2.675,2.54,1.0,0.2083,0.3873,0.0382,-0.1851,0.1845,0.0316,2026-04-27,276.86,278.23,276.25,277.1,801245.0,276.95763
2026-04-27T23:26:58.279,14,11,IWM260508C00282000,IWM,2026-05-08,call,282.0,2.17,116.0,2.21,53.0,2.19,2.18,1.0,0.2009,0.3446,0.038,-0.1714,0.1775,0.0282,2026-04-27,276.86,278.23,276.25,277.1,801245.0,276.95763
2026-04-27T23:26:58.279,14,11,IWM260508C00283000,IWM,2026-05-08,call,283.0,1.84,129.0,1.88,35.0,1.8599999999999999,1.85,50.0,0.2,0.3071,0.0365,-0.1622,0.1693,0.0251,2026-04-27,276.86,278.23,276.25,277.1,801245.0,276.95763
2026-04-27T23:26:58.279,14,11,IWM260508C00284000,IWM,2026-05-08,call,284.0,1.57,143.0,1.61,44.0,1.59,1.56,1.0,0.2004,0.2729,0.0344,-0.1533,0.1602,0.0224,2026-04-27,276.86,278.23,276.25,277.1,801245.0,276.95763
2026-04-27T23:26:58.279,14,11,IWM260508C00285000,IWM,2026-05-08,call,285.0,1.3,95.0,1.33,48.0,1.315,1.29,3.0,0.1984,0.238,0.0324,-0.141,0.1492,0.0195,2026-04-27,276.86,278.23,276.25,277.1,801245.0,276.95763
2026-04-27T23:26:58.279,14,11,IWM260508C00286000,IWM,2026-05-08,call,286.0,1.03,63.0,1.11,63.0,1.07,1.06,16.0,0.1961,0.2048,0.0301,-0.1275,0.1369,0.0168,2026-04-27,276.86,278.23,276.25,277.1,801245.0,276.95763
2026-04-27T23:26:58.279,14,11,IWM260508C00287000,IWM,2026-05-08,call,287.0,0.84,101.0,0.87,95.0,0.855,0.88,1.0,0.1933,0.1735,0.0275,-0.1133,0.1235,0.0143,2026-04-27,276.86,278.23,276.25,277.1,801245.0,276.95763
2026-04-27T23:26:58.279,14,11,IWM260508C00288000,IWM,2026-05-08,call,288.0,0.67,136.0,0.74,65.0,0.7050000000000001,0.72,1.0,0.1936,0.1485,0.0248,-0.1022,0.1116,0.0122,2026-04-27,276.86,278.23,276.25,277.1,801245.0,276.95763
2026-04-27T23:26:58.279,14,11,IWM260508C00289000,IWM,2026-05-08,call,289.0,0.53,98.0,0.6,47.0,0.565,0.59,2.0,0.1925,0.1245,0.0221,-0.09,0.099,0.0102,2026-04-27,276.86,278.23,276.25,277.1,801245.0,276.95763
2026-04-27T23:26:58.279,14,11,IWM260508C00290000,IWM,2026-05-08,call,290.0,0.46,151.0,0.49,149.0,0.475,0.46,1.0,0.1945,0.107,0.0197,-0.0815,0.0889,0.0088,2026-04-27,276.86,278.23,276.25,277.1,801245.0,276.95763
2026-04-27T23:26:58.279,14,11,IWM260508C00291000,IWM,2026-05-08,call,291.0,0.33,250.0,0.4,191.0,0.365,0.36,1.0,0.1922,0.0868,0.0171,-0.0689,0.0762,0.0071,2026-04-27,276.86,278.23,276.25,277.1,801245.0,276.95763
2026-04-27T23:26:58.279,14,11,IWM260508C00292000,IWM,2026-05-08,call,292.0,0.26,81.0,0.28,87.0,0.27,0.32,5.0,0.189,0.0682,0.0144,-0.0563,0.0634,0.0056,2026-04-27,276.86,278.23,276.25,277.1,801245.0,276.95763
2026-04-27T23:26:58.279,14,11,IWM260508C00293000,IWM,2026-05-08,call,293.0,0.24,206.0,0.27,202.0,0.255,0.25,2.0,0.1965,0.0628,0.013,-0.0549,0.0595,0.0052,2026-04-27,276.86,278.23,276.25,277.1,801245.0,276.95763
2026-04-27T23:26:58.279,14,11,IWM260508C00294000,IWM,2026-05-08,call,294.0,0.19,160.0,0.22,157.0,0.20500000000000002,0.28,1.0,0.1971,0.052,0.0112,-0.0474,0.0513,0.0043,2026-04-27,276.86,278.23,276.25,277.1,801245.0,276.95763
2026-04-27T23:26:58.279,14,11,IWM260508C00295000,IWM,2026-05-08,call,295.0,0.16,134.0,0.18,204.0,0.16999999999999998,0.17,1.0,0.1991,0.0438,0.0097,-0.0417,0.0447,0.0036,2026-04-27,276.86,278.23,276.25,277.1,801245.0,276.95763
2026-04-27T23:26:58.279,14,11,IWM260508C00296000,IWM,2026-05-08,call,296.0,0.13,124.0,0.15,105.0,0.14,0.28,31.0,0.2008,0.0367,0.0083,-0.0364,0.0388,0.003,2026-04-27,276.86,278.23,276.25,277.1,801245.0,276.95763
2026-04-27T23:26:58.279,14,11,IWM260508C00297000,IWM,2026-05-08,call,297.0,0.11,79.0,0.13,251.0,0.12,0.2,1.0,0.204,0.0317,0.0072,-0.0327,0.0343,0.0026,2026-04-27,276.86,278.23,276.25,277.1,801245.0,276.95763
2026-04-27T23:26:58.279,14,11,IWM260508C00298000,IWM,2026-05-08,call,298.0,0.09,146.0,0.11,226.0,0.1,0.1,1.0,0.2061,0.0267,0.0062,-0.0286,0.0298,0.0022,2026-04-27,276.86,278.23,276.25,277.1,801245.0,276.95763
2026-04-27T23:26:58.279,14,11,IWM260508C00299000,IWM,2026-05-08,call,299.0,0.04,100.0,0.1,445.0,0.07,,,0.2028,0.0198,0.0049,-0.0218,0.0231,0.0016,2026-04-27,276.86,278.23,276.25,277.1,801245.0,276.95763
2026-04-27T23:26:58.279,14,11,IWM260508C00300000,IWM,2026-05-08,call,300.0,0.07,89.0,0.08,5.0,0.07500000000000001,0.05,96.0,0.2128,0.0201,0.0048,-0.0233,0.0235,0.0017,2026-04-27,276.86,278.23,276.25,277.1,801245.0,276.95763
2026-04-27T23:26:58.279,14,11,IWM260508C00305000,IWM,2026-05-08,call,305.0,0.01,15.0,0.06,62.0,0.034999999999999996,0.05,1.0,0.2268,0.0096,0.0024,-0.013,0.0124,0.0008,2026-04-27,276.86,278.23,276.25,277.1,801245.0,276.95763
2026-04-27T23:26:58.279,14,11,IWM260508C00310000,IWM,2026-05-08,call,310.0,0.03,17.0,0.05,159.0,0.04,0.02,1.0,0.2653,0.0094,0.002,-0.015,0.0122,0.0008,2026-04-27,276.86,278.23,276.25,277.1,801245.0,276.95763
2026-04-27T23:26:58.279,14,11,IWM260508C00315000,IWM,2026-05-08,call,315.0,0.0,0.0,0.01,14.0,0.005,0.04,35.0,,,,,,,2026-04-27,276.86,278.23,276.25,277.1,801245.0,276.95763
2026-04-27T23:26:58.279,14,11,IWM260508C00320000,IWM,2026-05-08,call,320.0,0.0,0.0,0.01,110.0,0.005,0.01,1.0,,,,,,,2026-04-27,276.86,278.23,276.25,277.1,801245.0,276.95763
2026-04-27T23:26:58.279,14,11,IWM260508P00140000,IWM,2026-05-08,put,140.0,0.0,0.0,0.01,104.0,0.005,0.01,10.0,,,,,,,2026-04-27,276.86,278.23,276.25,277.1,801245.0,276.95763
2026-04-27T23:26:58.279,14,11,IWM260508P00145000,IWM,2026-05-08,put,145.0,0.0,0.0,0.03,104.0,0.015,0.07,4.0,,,,,,,2026-04-27,276.86,278.23,276.25,277.1,801245.0,276.95763
2026-04-27T23:26:58.279,14,11,IWM260508P00150000,IWM,2026-05-08,put,150.0,0.0,0.0,0.03,104.0,0.015,0.16,1.0,,,,,,,2026-04-27,276.86,278.23,276.25,277.1,801245.0,276.95763
2026-04-27T23:26:58.279,14,11,IWM260508P00155000,IWM,2026-05-08,put,155.0,0.0,0.0,0.03,104.0,0.015,,,,,,,,,2026-04-27,276.86,278.23,276.25,277.1,801245.0,276.95763
2026-04-27T23:26:58.279,14,11,IWM260508P00160000,IWM,2026-05-08,put,160.0,0.0,0.0,0.03,104.0,0.015,0.05,1.0,,,,,,,2026-04-27,276.86,278.23,276.25,277.1,801245.0,276.95763
2026-04-27T23:26:58.279,14,11,IWM260508P00165000,IWM,2026-05-08,put,165.0,0.0,0.0,0.03,104.0,0.015,0.06,4.0,,,,,,,2026-04-27,276.86,278.23,276.25,277.1,801245.0,276.95763
2026-04-27T23:26:58.279,14,11,IWM260508P00170000,IWM,2026-05-08,put,170.0,0.0,0.0,0.03,104.0,0.015,0.19,1.0,,,,,,,2026-04-27,276.86,278.23,276.25,277.1,801245.0,276.95763
2026-04-27T23:26:58.279,14,11,IWM260508P00175000,IWM,2026-05-08,put,175.0,0.0,0.0,0.03,16.0,0.015,0.07,4.0,,,,,,,2026-04-27,276.86,278.23,276.25,277.1,801245.0,276.95763
2026-04-27T23:26:58.279,14,11,IWM260508P00180000,IWM,2026-05-08,put,180.0,0.0,0.0,0.01,10.0,0.005,0.03,8.0,,,,,,,2026-04-27,276.86,278.23,276.25,277.1,801245.0,276.95763
2026-04-27T23:26:58.279,14,11,IWM260508P00185000,IWM,2026-05-08,put,185.0,0.0,0.0,0.03,15.0,0.015,0.05,4.0,,,,,,,2026-04-27,276.86,278.23,276.25,277.1,801245.0,276.95763
2026-04-27T23:26:58.279,14,11,IWM260508P00190000,IWM,2026-05-08,put,190.0,0.03,2.0,0.04,126.0,0.035,0.07,1.0,,,,,,,2026-04-27,276.86,278.23,276.25,277.1,801245.0,276.95763
2026-04-27T23:26:58.279,14,11,IWM260508P00195000,IWM,2026-05-08,put,195.0,0.0,0.0,0.01,116.0,0.005,0.01,14.0,,,,,,,2026-04-27,276.86,278.23,276.25,277.1,801245.0,276.95763
2026-04-27T23:26:58.279,14,11,IWM260508P00200000,IWM,2026-05-08,put,200.0,0.03,1.0,0.04,19.0,0.035,0.02,24.0,0.7123,-0.0032,0.0003,-0.0152,0.0047,-0.0003,2026-04-27,276.86,278.23,276.25,277.1,801245.0,276.95763
2026-04-27T23:26:58.279,14,11,IWM260508P00205000,IWM,2026-05-08,put,205.0,0.03,1.0,0.04,195.0,0.035,0.03,25.0,0.6634,-0.0035,0.0003,-0.015,0.005,-0.0003,2026-04-27,276.86,278.23,276.25,277.1,801245.0,276.95763
2026-04-27T23:26:58.279,14,11,IWM260508P00210000,IWM,2026-05-08,put,210.0,0.01,22.0,0.04,104.0,0.025,0.03,7.0,0.5943,-0.0028,0.0003,-0.0112,0.0042,-0.0002,2026-04-27,276.86,278.23,276.25,277.1,801245.0,276.95763
2026-04-27T23:26:58.279,14,11,IWM260508P00215000,IWM,2026-05-08,put,215.0,0.03,72.0,0.05,260.0,0.04,0.03,2.0,0.5766,-0.0045,0.0005,-0.0164,0.0063,-0.0004,2026-04-27,276.86,278.23,276.25,277.1,801245.0,276.95763
2026-04-27T23:26:58.279,14,11,IWM260508P00220000,IWM,2026-05-08,put,220.0,0.03,41.0,0.05,89.0,0.04,0.02,30.0,0.5298,-0.0048,0.0005,-0.0162,0.0068,-0.0004,2026-04-27,276.86,278.23,276.25,277.1,801245.0,276.95763
2026-04-27T23:26:58.279,14,11,IWM260508P00225000,IWM,2026-05-08,put,225.0,0.01,94.0,0.02,399.0,0.015,0.04,1.0,0.4365,-0.0024,0.0004,-0.007,0.0035,-0.0002,2026-04-27,276.86,278.23,276.25,277.1,801245.0,276.95763
2026-04-27T23:26:58.279,14,11,IWM260508P00230000,IWM,2026-05-08,put,230.0,0.01,140.0,0.03,302.0,0.02,0.03,2.0,0.4065,-0.0033,0.0005,-0.0088,0.0048,-0.0003,2026-04-27,276.86,278.23,276.25,277.1,801245.0,276.95763
2026-04-27T23:26:58.279,14,11,IWM260508P00234000,IWM,2026-05-08,put,234.0,0.06,16.0,0.08,169.0,0.07,0.15,1.0,0.4311,-0.0097,0.0013,-0.0243,0.0126,-0.0008,2026-04-27,276.86,278.23,276.25,277.1,801245.0,276.95763
2026-04-27T23:26:58.279,14,11,IWM260508P00235000,IWM,2026-05-08,put,235.0,0.02,94.0,0.04,369.0,0.03,0.05,1.0,0.3807,-0.0051,0.0008,-0.0121,0.0071,-0.0004,2026-04-27,276.86,278.23,276.25,277.1,801245.0,276.95763
2026-04-27T23:26:58.279,14,11,IWM260508P00236000,IWM,2026-05-08,put,236.0,0.06,117.0,0.08,107.0,0.07,0.12,1.0,0.4122,-0.0101,0.0014,-0.0241,0.013,-0.0009,2026-04-27,276.86,278.23,276.25,277.1,801245.0,276.95763
2026-04-27T23:26:58.279,14,11,IWM260508P00237000,IWM,2026-05-08,put,237.0,0.07,65.0,0.09,168.0,0.08,0.18,1.0,0.41,-0.0115,0.0015,-0.0267,0.0145,-0.001,2026-04-27,276.86,278.23,276.25,277.1,801245.0,276.95763
2026-04-27T23:26:58.279,14,11,IWM260508P00238000,IWM,2026-05-08,put,238.0,0.07,117.0,0.09,216.0,0.08,0.07,2.0,0.4005,-0.0118,0.0016,-0.0266,0.0148,-0.001,2026-04-27,276.86,278.23,276.25,277.1,801245.0,276.95763
2026-04-27T23:26:58.279,14,11,IWM260508P00239000,IWM,2026-05-08,put,239.0,0.04,13.0,0.1,234.0,0.07,0.13,5.0,0.3841,-0.0108,0.0015,-0.0237,0.0138,-0.0009,2026-04-27,276.86,278.23,276.25,277.1,801245.0,276.95763
2026-04-27T23:26:58.279,14,11,IWM260508P00240000,IWM,2026-05-08,put,240.0,0.04,175.0,0.1,242.0,0.07,0.08,2.0,0.3747,-0.0111,0.0016,-0.0236,0.014,-0.0009,2026-04-27,276.86,278.23,276.25,277.1,801245.0,276.95763
2026-04-27T23:26:58.279,14,11,IWM260508P00241000,IWM,2026-05-08,put,241.0,0.09,109.0,0.1,150.0,0.095,0.06,2.0,0.3811,-0.0143,0.002,-0.03,0.0176,-0.0012,2026-04-27,276.86,278.23,276.25,277.1,801245.0,276.95763
2026-04-27T23:26:58.279,14,11,IWM260508P00242000,IWM,2026-05-08,put,242.0,0.09,148.0,0.11,184.0,0.1,0.09,2.0,0.3742,-0.0153,0.0021,-0.0311,0.0185,-0.0013,2026-04-27,276.86,278.23,276.25,277.1,801245.0,276.95763
2026-04-27T23:26:58.279,14,11,IWM260508P00242500,IWM,2026-05-08,put,242.5,0.09,391.0,0.12,432.0,0.105,0.22,1.0,0.372,-0.016,0.0022,-0.0322,0.0193,-0.0014,2026-04-27,276.86,278.23,276.25,277.1,801245.0,276.95763
2026-04-27T23:26:58.279,14,11,IWM260508P00243000,IWM,2026-05-08,put,243.0,0.06,97.0,0.12,370.0,0.09,0.08,7.0,0.3591,-0.0144,0.0021,-0.0284,0.0177,-0.0012,2026-04-27,276.86,278.23,276.25,277.1,801245.0,276.95763
2026-04-27T23:26:58.279,14,11,IWM260508P00244000,IWM,2026-05-08,put,244.0,0.07,15.0,0.13,441.0,0.1,0.12,2.0,0.3549,-0.016,0.0023,-0.0307,0.0193,-0.0014,2026-04-27,276.86,278.23,276.25,277.1,801245.0,276.95763
2026-04-27T23:26:58.279,14,11,IWM260508P00245000,IWM,2026-05-08,put,245.0,0.12,59.0,0.14,408.0,0.13,0.1,1.0,0.3592,-0.02,0.0028,-0.0376,0.0234,-0.0017,2026-04-27,276.86,278.23,276.25,277.1,801245.0,276.95763
2026-04-27T23:26:58.279,14,11,IWM260508P00246000,IWM,2026-05-08,put,246.0,0.12,411.0,0.15,477.0,0.135,0.14,2.0,0.3513,-0.0211,0.003,-0.0384,0.0244,-0.0018,2026-04-27,276.86,278.23,276.25,277.1,801245.0,276.95763
2026-04-27T23:26:58.279,14,11,IWM260508P00247000,IWM,2026-05-08,put,247.0,0.14,117.0,0.16,242.0,0.15000000000000002,0.14,1.0,0.3472,-0.0234,0.0033,-0.0414,0.0267,-0.002,2026-04-27,276.86,278.23,276.25,277.1,801245.0,276.95763
2026-04-27T23:26:58.279,14,11,IWM260508P00247500,IWM,2026-05-08,put,247.5,0.14,322.0,0.17,562.0,0.15500000000000003,0.43,1.0,0.3439,-0.0243,0.0034,-0.0424,0.0275,-0.0021,2026-04-27,276.86,278.23,276.25,277.1,801245.0,276.95763
2026-04-27T23:26:58.279,14,11,IWM260508P00248000,IWM,2026-05-08,put,248.0,0.15,159.0,0.17,142.0,0.16,0.15,5.0,0.3407,-0.0252,0.0036,-0.0432,0.0284,-0.0022,2026-04-27,276.86,278.23,276.25,277.1,801245.0,276.95763
2026-04-27T23:26:58.279,14,11,IWM260508P00249000,IWM,2026-05-08,put,249.0,0.13,50.0,0.18,159.0,0.155,0.14,1.0,0.3287,-0.0253,0.0037,-0.0419,0.0285,-0.0022,2026-04-27,276.86,278.23,276.25,277.1,801245.0,276.95763
2026-04-27T23:26:58.279,14,11,IWM260508P00250000,IWM,2026-05-08,put,250.0,0.18,221.0,0.21,413.0,0.195,0.18,5.0,0.3314,-0.0308,0.0044,-0.0496,0.0335,-0.0026,2026-04-27,276.86,278.23,276.25,277.1,801245.0,276.95763
2026-04-27T23:26:58.279,14,11,IWM260508P00251000,IWM,2026-05-08,put,251.0,0.16,117.0,0.23,122.0,0.195,0.21,3.0,0.3209,-0.0317,0.0046,-0.0491,0.0343,-0.0027,2026-04-27,276.86,278.23,276.25,277.1,801245.0,276.95763
2026-04-27T23:26:58.279,14,11,IWM260508P00252000,IWM,2026-05-08,put,252.0,0.19,153.0,0.21,219.0,0.2,0.23,9.0,0.3119,-0.0332,0.0049,-0.0496,0.0357,-0.0028,2026-04-27,276.86,278.23,276.25,277.1,801245.0,276.95763
2026-04-27T23:26:58.279,14,11,IWM260508P00252500,IWM,2026-05-08,put,252.5,0.24,111.0,0.27,159.0,0.255,0.49,1.0,0.3208,-0.04,0.0056,-0.0595,0.0416,-0.0034,2026-04-27,276.86,278.23,276.25,277.1,801245.0,276.95763
2026-04-27T23:26:58.279,14,11,IWM260508P00253000,IWM,2026-05-08,put,253.0,0.26,41.0,0.28,175.0,0.27,0.29,5.0,0.3189,-0.0423,0.0059,-0.0618,0.0434,-0.0036,2026-04-27,276.86,278.23,276.25,277.1,801245.0,276.95763
2026-04-27T23:26:58.279,14,11,IWM260508P00254000,IWM,2026-05-08,put,254.0,0.25,55.0,0.32,316.0,0.28500000000000003,0.33,2.0,0.3113,-0.0453,0.0063,-0.0637,0.0459,-0.0039,2026-04-27,276.86,278.23,276.25,277.1,801245.0,276.95763
2026-04-27T23:26:58.279,14,11,IWM260508P00255000,IWM,2026-05-08,put,255.0,0.28,184.0,0.35,300.0,0.315,0.31,1.0,0.3065,-0.05,0.007,-0.0679,0.0497,-0.0043,2026-04-27,276.86,278.23,276.25,277.1,801245.0,276.95763
2026-04-27T23:26:58.279,14,11,IWM260508P00256000,IWM,2026-05-08,put,256.0,0.36,144.0,0.39,278.0,0.375,0.39,1.0,0.3065,-0.0581,0.0079,-0.0763,0.056,-0.005,2026-04-27,276.86,278.23,276.25,277.1,801245.0,276.95763
2026-04-27T23:26:58.279,14,11,IWM260508P00257000,IWM,2026-05-08,put,257.0,0.37,187.0,0.43,121.0,0.4,0.43,1.0,0.2992,-0.0627,0.0085,-0.079,0.0594,-0.0054,2026-04-27,276.86,278.23,276.25,277.1,801245.0,276.95763
2026-04-27T23:26:58.279,14,11,IWM260508P00257500,IWM,2026-05-08,put,257.5,0.44,49.0,0.46,172.0,0.45,0.48,25.0,0.3014,-0.0688,0.0091,-0.0856,0.0639,-0.0059,2026-04-27,276.86,278.23,276.25,277.1,801245.0,276.95763
2026-04-27T23:26:58.279,14,11,IWM260508P00258000,IWM,2026-05-08,put,258.0,0.46,121.0,0.49,262.0,0.475,0.46,1.0,0.2993,-0.0725,0.0096,-0.0884,0.0665,-0.0062,2026-04-27,276.86,278.23,276.25,277.1,801245.0,276.95763
2026-04-27T23:26:58.279,14,11,IWM260508P00259000,IWM,2026-05-08,put,259.0,0.48,156.0,0.51,158.0,0.495,0.58,3.0,0.2902,-0.0771,0.0103,-0.0897,0.0696,-0.0066,2026-04-27,276.86,278.23,276.25,277.1,801245.0,276.95763
2026-04-27T23:26:58.279,14,11,IWM260508P00260000,IWM,2026-05-08,put,260.0,0.58,218.0,0.62,270.0,0.6,0.57,1.0,0.292,-0.0901,0.0115,-0.1014,0.0783,-0.0077,2026-04-27,276.86,278.23,276.25,277.1,801245.0,276.95763
2026-04-27T23:26:58.279,14,11,IWM260508P00261000,IWM,2026-05-08,put,261.0,0.63,71.0,0.7,161.0,0.665,0.66,2.0,0.2873,-0.0995,0.0126,-0.1072,0.0842,-0.0085,2026-04-27,276.86,278.23,276.25,277.1,801245.0,276.95763
2026-04-27T23:26:58.279,14,11,IWM260508P00262000,IWM,2026-05-08,put,262.0,0.71,98.0,0.78,124.0,0.745,0.76,1.0,0.2834,-0.1105,0.0138,-0.114,0.0909,-0.0095,2026-04-27,276.86,278.23,276.25,277.1,801245.0,276.95763
2026-04-27T23:26:58.279,14,11,IWM260508P00262500,IWM,2026-05-08,put,262.5,0.76,112.0,0.79,91.0,0.775,0.9,3.0,0.28,-0.1153,0.0144,-0.116,0.0937,-0.0099,2026-04-27,276.86,278.23,276.25,277.1,801245.0,276.95763
2026-04-27T23:26:58.279,14,11,IWM260508P00263000,IWM,2026-05-08,put,263.0,0.85,125.0,0.88,85.0,0.865,0.9,100.0,0.2826,-0.1252,0.0151,-0.124,0.0993,-0.0107,2026-04-27,276.86,278.23,276.25,277.1,801245.0,276.95763
2026-04-27T23:26:58.279,14,11,IWM260508P00264000,IWM,2026-05-08,put,264.0,0.92,48.0,0.99,89.0,0.9550000000000001,0.96,1.0,0.2776,-0.1377,0.0165,-0.1299,0.1061,-0.0118,2026-04-27,276.86,278.23,276.25,277.1,801245.0,276.95763
2026-04-27T23:26:58.279,14,11,IWM260508P00265000,IWM,2026-05-08,put,265.0,1.08,82.0,1.12,102.0,1.1,1.07,5.0,0.2765,-0.1548,0.0179,-0.1398,0.1147,-0.0133,2026-04-27,276.86,278.23,276.25,277.1,801245.0,276.95763
2026-04-27T23:26:58.279,14,11,IWM260508P00266000,IWM,2026-05-08,put,266.0,1.22,22.0,1.26,199.0,1.24,1.22,9.0,0.2735,-0.1717,0.0193,-0.1477,0.1228,-0.0147,2026-04-27,276.86,278.23,276.25,277.1,801245.0,276.95763
2026-04-27T23:26:58.279,14,11,IWM260508P00267000,IWM,2026-05-08,put,267.0,1.37,42.0,1.41,112.0,1.3900000000000001,1.45,1.0,0.2701,-0.1898,0.0208,-0.1551,0.1307,-0.0163,2026-04-27,276.86,278.23,276.25,277.1,801245.0,276.95763
2026-04-27T23:26:58.279,14,11,IWM260508P00268000,IWM,2026-05-08,put,268.0,1.5,147.0,1.59,4.0,1.545,1.53,1.0,0.2659,-0.2087,0.0224,-0.1613,0.1384,-0.0179,2026-04-27,276.86,278.23,276.25,277.1,801245.0,276.95763
2026-04-27T23:26:58.279,14,11,IWM260508P00269000,IWM,2026-05-08,put,269.0,1.7,6.0,1.78,95.0,1.74,1.89,18.0,0.2632,-0.2305,0.024,-0.1688,0.1465,-0.0198,2026-04-27,276.86,278.23,276.25,277.1,801245.0,276.95763
2026-04-27T23:26:58.279,14,11,IWM260508P00270000,IWM,2026-05-08,put,270.0,1.95,15.0,1.99,82.0,1.97,1.99,20.0,0.2614,-0.2546,0.0255,-0.1765,0.1546,-0.0219,2026-04-27,276.86,278.23,276.25,277.1,801245.0,276.95763
2026-04-27T23:26:58.279,14,11,IWM260508P00271000,IWM,2026-05-08,put,271.0,2.14,35.0,2.17,115.0,2.1550000000000002,2.26,1.0,0.2554,-0.2772,0.0272,-0.1795,0.1614,-0.0238,2026-04-27,276.86,278.23,276.25,277.1,801245.0,276.95763
2026-04-27T23:26:58.279,14,11,IWM260508P00272000,IWM,2026-05-08,put,272.0,2.4,97.0,2.51,198.0,2.455,2.55,1.0,0.255,-0.3054,0.0285,-0.1871,0.1689,-0.0263,2026-04-27,276.86,278.23,276.25,277.1,801245.0,276.95763
2026-04-27T23:26:58.279,14,11,IWM260508P00273000,IWM,2026-05-08,put,273.0,2.72,62.0,2.77,104.0,2.745,2.8,41.0,0.2524,-0.3336,0.0299,-0.1916,0.1753,-0.0287,2026-04-27,276.86,278.23,276.25,277.1,801245.0,276.95763
2026-04-27T23:26:58.279,14,11,IWM260508P00274000,IWM,2026-05-08,put,274.0,3.06,4.0,3.11,2.0,3.085,3.28,1.0,0.251,-0.3639,0.031,-0.1961,0.181,-0.0314,2026-04-27,276.86,278.23,276.25,277.1,801245.0,276.95763
2026-04-27T23:26:58.279,14,11,IWM260508P00275000,IWM,2026-05-08,put,275.0,3.33,95.0,3.46,102.0,3.395,3.39,1.0,0.2464,-0.3941,0.0324,-0.1965,0.1855,-0.034,2026-04-27,276.86,278.23,276.25,277.1,801245.0,276.95763
2026-04-27T23:26:58.279,14,11,IWM260508P00276000,IWM,2026-05-08,put,276.0,3.68,82.0,3.75,84.0,3.715,3.83,1.0,0.2407,-0.4258,0.0338,-0.1946,0.1889,-0.0367,2026-04-27,276.86,278.23,276.25,277.1,801245.0,276.95763
2026-04-27T23:26:58.279,14,11,IWM260508P00277000,IWM,2026-05-08,put,277.0,4.09,66.0,4.2,67.0,4.145,4.28,2.0,0.2392,-0.4598,0.0344,-0.1949,0.1913,-0.0397,2026-04-27,276.86,278.23,276.25,277.1,801245.0,276.95763
2026-04-27T23:26:58.279,14,11,IWM260508P00278000,IWM,2026-05-08,put,278.0,4.69,40.0,4.76,36.0,4.725,4.73,2.0,0.2438,-0.4941,0.034,-0.1989,0.1922,-0.0428,2026-04-27,276.86,278.23,276.25,277.1,801245.0,276.95763
2026-04-27T23:26:58.279,14,11,IWM260508P00279000,IWM,2026-05-08,put,279.0,5.11,21.0,5.21,6.0,5.16,5.51,1.0,0.2389,-0.5289,0.0346,-0.1931,0.1918,-0.0458,2026-04-27,276.86,278.23,276.25,277.1,801245.0,276.95763
2026-04-27T23:26:58.279,14,11,IWM260508P00280000,IWM,2026-05-08,put,280.0,5.56,32.0,5.73,28.0,5.645,5.69,1.0,0.2349,-0.5644,0.0348,-0.1865,0.1898,-0.0489,2026-04-27,276.86,278.23,276.25,277.1,801245.0,276.95763
2026-04-27T23:26:58.279,14,11,IWM260508P00281000,IWM,2026-05-08,put,281.0,6.06,17.0,6.3,30.0,6.18,6.88,2.0,0.2316,-0.6001,0.0346,-0.1788,0.1862,-0.0521,2026-04-27,276.86,278.23,276.25,277.1,801245.0,276.95763
2026-04-27T23:26:58.279,14,11,IWM260508P00282000,IWM,2026-05-08,put,282.0,6.88,21.0,7.0,22.0,6.9399999999999995,6.86,1.0,0.2387,-0.6296,0.0328,-0.1794,0.182,-0.0548,2026-04-27,276.86,278.23,276.25,277.1,801245.0,276.95763
2026-04-27T23:26:58.279,14,11,IWM260508P00283000,IWM,2026-05-08,put,283.0,7.34,21.0,7.55,21.0,7.445,,,0.2298,-0.6677,0.0328,-0.1636,0.175,-0.0581,2026-04-27,276.86,278.23,276.25,277.1,801245.0,276.95763
2026-04-27T23:26:58.279,14,11,IWM260508P00284000,IWM,2026-05-08,put,284.0,8.119,11.0,8.41,21.0,8.2645,,,0.2371,-0.6932,0.0307,-0.1624,0.1693,-0.0605,2026-04-27,276.86,278.23,276.25,277.1,801245.0,276.95763
2026-04-27T23:26:58.279,14,11,IWM260508P00285000,IWM,2026-05-08,put,285.0,8.8,16.0,9.03,15.0,8.915,8.89,5.0,0.2327,-0.7264,0.0297,-0.1487,0.1604,-0.0635,2026-04-27,276.86,278.23,276.25,277.1,801245.0,276.95763
2026-04-27T23:26:58.279,14,11,IWM260508P00286000,IWM,2026-05-08,put,286.0,9.74,8.0,9.82,8.0,9.780000000000001,11.76,1.0,0.2401,-0.7474,0.0276,-0.1464,0.154,-0.0655,2026-04-27,276.86,278.23,276.25,277.1,801245.0,276.95763
2026-04-27T23:26:58.279,14,11,IWM260508P00287000,IWM,2026-05-08,put,287.0,10.57,15.0,10.72,10.0,10.645,,,0.2464,-0.7673,0.0257,-0.1427,0.1473,-0.0674,2026-04-27,276.86,278.23,276.25,277.1,801245.0,276.95763
2026-04-27T23:26:58.279,14,11,IWM260508P00288000,IWM,2026-05-08,put,288.0,11.18,10.0,11.48,12.0,11.33,,,0.2386,-0.7992,0.0244,-0.1235,0.1352,-0.0703,2026-04-27,276.86,278.23,276.25,277.1,801245.0,276.95763
2026-04-27T23:26:58.279,14,11,IWM260508P00289000,IWM,2026-05-08,put,289.0,11.93,6.0,12.53,10.0,12.23,,,0.2449,-0.8154,0.0226,-0.1192,0.1285,-0.0719,2026-04-27,276.86,278.23,276.25,277.1,801245.0,276.95763
2026-04-27T23:26:58.279,14,11,IWM260508P00290000,IWM,2026-05-08,put,290.0,12.91,6.0,13.27,6.0,13.09,13.66,1.0,0.2469,-0.8342,0.0209,-0.1103,0.12,-0.0737,2026-04-27,276.86,278.23,276.25,277.1,801245.0,276.95763
2026-04-27T23:26:58.279,14,11,IWM260508P00291000,IWM,2026-05-08,put,291.0,13.96,20.0,14.23,13.0,14.095,14.56,1.0,0.2602,-0.8402,0.0194,-0.114,0.1172,-0.0745,2026-04-27,276.86,278.23,276.25,277.1,801245.0,276.95763
2026-04-27T23:26:58.279,14,11,IWM260508P00292000,IWM,2026-05-08,put,292.0,14.89,6.0,15.04,6.0,14.965,15.53,1.0,0.2613,-0.8569,0.0179,-0.1041,0.1089,-0.0762,2026-04-27,276.86,278.23,276.25,277.1,801245.0,276.95763
2026-04-27T23:26:58.279,14,11,IWM260508P00293000,IWM,2026-05-08,put,293.0,15.97,6.0,16.05,6.0,16.01,,,0.2777,-0.8581,0.0168,-0.1114,0.1083,-0.0766,2026-04-27,276.86,278.23,276.25,277.1,801245.0,276.95763
2026-04-27T23:26:58.279,14,11,IWM260508P00294000,IWM,2026-05-08,put,294.0,16.54,6.0,16.79,6.0,16.665,,,0.2543,-0.8946,0.0149,-0.0752,0.0879,-0.0799,2026-04-27,276.86,278.23,276.25,277.1,801245.0,276.95763
2026-04-27T23:26:58.279,14,11,IWM260508P00295000,IWM,2026-05-08,put,295.0,18.11,10.0,18.26,1.0,18.185000000000002,20.29,1.0,0.3181,-0.8536,0.015,-0.1345,0.1106,-0.0769,2026-04-27,276.86,278.23,276.25,277.1,801245.0,276.95763
2026-04-27T23:26:58.279,14,11,IWM260508P00296000,IWM,2026-05-08,put,296.0,18.51,6.0,18.66,7.0,18.585,,,0.2666,-0.9096,0.0127,-0.0682,0.0785,-0.0817,2026-04-27,276.86,278.23,276.25,277.1,801245.0,276.95763
2026-04-27T23:26:58.279,14,11,IWM260508P00297000,IWM,2026-05-08,put,297.0,19.73,10.0,19.86,1.0,19.795,,,0.3025,-0.8921,0.0127,-0.0963,0.0894,-0.0806,2026-04-27,276.86,278.23,276.25,277.1,801245.0,276.95763
2026-04-27T23:26:58.279,14,11,IWM260508P00298000,IWM,2026-05-08,put,298.0,20.56,6.0,21.08,6.0,20.82,,,0.3164,-0.8929,0.0121,-0.1011,0.0889,-0.081,2026-04-27,276.86,278.23,276.25,277.1,801245.0,276.95763
2026-04-27T23:26:58.279,14,11,IWM260508P00299000,IWM,2026-05-08,put,299.0,21.77,1.0,22.07,10.0,21.92,24.56,1.0,0.3386,-0.8877,0.0117,-0.1148,0.092,-0.0809,2026-04-27,276.86,278.23,276.25,277.1,801245.0,276.95763
2026-04-27T23:26:58.279,14,11,IWM260508P00300000,IWM,2026-05-08,put,300.0,23.27,10.0,23.42,10.0,23.345,22.89,5.0,0.3927,-0.8615,0.0117,-0.164,0.1065,-0.0791,2026-04-27,276.86,278.23,276.25,277.1,801245.0,276.95763
2026-04-27T23:26:58.279,14,11,IWM260508P00305000,IWM,2026-05-08,put,305.0,28.16,10.0,28.38,1.0,28.27,,,0.4422,-0.8795,0.0094,-0.1672,0.0967,-0.0821,2026-04-27,276.86,278.23,276.25,277.1,801245.0,276.95763
2026-04-27T23:26:58.279,14,11,IWM260508P00310000,IWM,2026-05-08,put,310.0,33.02,10.0,33.16,1.0,33.09,35.66,1.0,0.4757,-0.9,0.0077,-0.1547,0.0846,-0.0853,2026-04-27,276.86,278.23,276.25,277.1,801245.0,276.95763
2026-04-27T23:26:58.279,14,11,IWM260508P00315000,IWM,2026-05-08,put,315.0,37.91,1.0,38.04,1.0,37.974999999999994,,,0.5115,-0.914,0.0064,-0.1468,0.0756,-0.0879,2026-04-27,276.86,278.23,276.25,277.1,801245.0,276.95763
2026-04-27T23:26:58.279,14,11,IWM260508P00320000,IWM,2026-05-08,put,320.0,42.41,1.0,43.14,1.0,42.775,,,0.53,-0.9314,0.0052,-0.1235,0.0637,-0.0908,2026-04-27,276.86,278.23,276.25,277.1,801245.0,276.95763
2026-04-27T23:26:58.279,14,14,IWM260511C00230000,IWM,2026-05-11,call,230.0,46.96,1.0,47.11,1.0,47.035,,,,,,,,,2026-04-27,276.86,278.23,276.25,277.1,801245.0,276.95763
2026-04-27T23:26:58.279,14,14,IWM260511C00240000,IWM,2026-05-11,call,240.0,36.72,1.0,37.87,1.0,37.295,38.04,5.0,,,,,,,2026-04-27,276.86,278.23,276.25,277.1,801245.0,276.95763
2026-04-27T23:26:58.279,14,14,IWM260511C00250000,IWM,2026-05-11,call,250.0,27.49,1.0,27.99,10.0,27.74,27.21,1.0,,,,,,,2026-04-27,276.86,278.23,276.25,277.1,801245.0,276.95763
2026-04-27T23:26:58.279,14,14,IWM260511C00260000,IWM,2026-05-11,call,260.0,18.35,2.0,18.51,4.0,18.43,,,0.2413,0.9252,0.0108,-0.0899,0.0768,0.0914,2026-04-27,276.86,278.23,276.25,277.1,801245.0,276.95763
2026-04-27T23:26:58.279,14,14,IWM260511C00265000,IWM,2026-05-11,call,265.0,13.88,1.0,14.06,1.0,13.97,13.53,1.0,0.2367,0.8547,0.0177,-0.1271,0.1241,0.0857,2026-04-27,276.86,278.23,276.25,277.1,801245.0,276.95763
2026-04-27T23:26:58.279,14,14,IWM260511C00266000,IWM,2026-05-11,call,266.0,12.7,2.0,13.14,1.0,12.92,,,0.22,0.8523,0.0193,-0.1208,0.1255,0.0858,2026-04-27,276.86,278.23,276.25,277.1,801245.0,276.95763
2026-04-27T23:26:58.279,14,14,IWM260511C00267000,IWM,2026-05-11,call,267.0,11.8,1.0,11.95,5.0,11.875,11.83,1.0,0.2037,0.8491,0.0211,-0.1149,0.1273,0.0859,2026-04-27,276.86,278.23,276.25,277.1,801245.0,276.95763
2026-04-27T23:26:58.279,14,14,IWM260511C00268000,IWM,2026-05-11,call,268.0,11.28,1.0,11.54,1.0,11.41,11.16,10.0,0.2285,0.8,0.0225,-0.1452,0.1522,0.0808,2026-04-27,276.86,278.23,276.25,277.1,801245.0,276.95763
2026-04-27T23:26:58.279,14,14,IWM260511C00269000,IWM,2026-05-11,call,269.0,10.39,1.0,10.71,1.0,10.55,,,0.2231,0.781,0.0243,-0.1485,0.1606,0.0791,2026-04-27,276.86,278.23,276.25,277.1,801245.0,276.95763
2026-04-27T23:26:58.279,14,14,IWM260511C00270000,IWM,2026-05-11,call,270.0,9.62,2.0,9.71,1.0,9.665,9.62,1.0,0.2154,0.7624,0.0264,-0.1494,0.1681,0.0775,2026-04-27,276.86,278.23,276.25,277.1,801245.0,276.95763
2026-04-27T23:26:58.279,14,14,IWM260511C00271000,IWM,2026-05-11,call,271.0,8.99,8.0,9.11,5.0,9.05,,,0.222,0.7287,0.0275,-0.1621,0.1802,0.0741,2026-04-27,276.86,278.23,276.25,277.1,801245.0,276.95763
2026-04-27T23:26:58.279,14,14,IWM260511C00272000,IWM,2026-05-11,call,272.0,7.96,13.0,8.17,7.0,8.065,,,0.2067,0.7122,0.0303,-0.1558,0.1854,0.0727,2026-04-27,276.86,278.23,276.25,277.1,801245.0,276.95763
2026-04-27T23:26:58.279,14,14,IWM260511C00273000,IWM,2026-05-11,call,273.0,7.53,6.0,7.63,1.0,7.58,,,0.2168,0.6734,0.0306,-0.1697,0.1961,0.0688,2026-04-27,276.86,278.23,276.25,277.1,801245.0,276.95763
2026-04-27T23:26:58.279,14,14,IWM260511C00274000,IWM,2026-05-11,call,274.0,6.84,6.0,6.92,1.0,6.88,6.54,1.0,0.2139,0.6434,0.0321,-0.172,0.2027,0.0659,2026-04-27,276.86,278.23,276.25,277.1,801245.0,276.95763
2026-04-27T23:26:58.279,14,14,IWM260511C00275000,IWM,2026-05-11,call,275.0,6.16,7.0,6.25,6.0,6.205,6.1,10.0,0.2108,0.6118,0.0334,-0.1731,0.2083,0.0628,2026-04-27,276.86,278.23,276.25,277.1,801245.0,276.95763
2026-04-27T23:26:58.279,14,14,IWM260511C00276000,IWM,2026-05-11,call,276.0,5.51,19.0,5.65,11.0,5.58,5.9,1.0,0.2085,0.5784,0.0345,-0.1739,0.2127,0.0595,2026-04-27,276.86,278.23,276.25,277.1,801245.0,276.95763
2026-04-27T23:26:58.279,14,14,IWM260511C00277000,IWM,2026-05-11,call,277.0,4.86,44.0,4.98,20.0,4.92,4.75,1.0,0.2032,0.5442,0.0359,-0.171,0.2156,0.0561,2026-04-27,276.86,278.23,276.25,277.1,801245.0,276.95763
2026-04-27T23:26:58.279,14,14,IWM260511C00278000,IWM,2026-05-11,call,278.0,4.26,38.0,4.37,38.0,4.3149999999999995,4.36,5.0,0.1988,0.508,0.0369,-0.1676,0.2169,0.0524,2026-04-27,276.86,278.23,276.25,277.1,801245.0,276.95763
2026-04-27T23:26:58.279,14,14,IWM260511C00279000,IWM,2026-05-11,call,279.0,3.85,81.0,3.92,33.0,3.885,3.73,1.0,0.2008,0.4717,0.0365,-0.1678,0.2164,0.0487,2026-04-27,276.86,278.23,276.25,277.1,801245.0,276.95763
2026-04-27T23:26:58.279,14,14,IWM260511C00280000,IWM,2026-05-11,call,280.0,3.29,25.0,3.35,8.0,3.3200000000000003,3.33,1.0,0.1948,0.4333,0.0371,-0.1605,0.2139,0.0449,2026-04-27,276.86,278.23,276.25,277.1,801245.0,276.95763
2026-04-27T23:26:58.279,14,14,IWM260511C00281000,IWM,2026-05-11,call,281.0,2.87,29.0,2.94,10.0,2.9050000000000002,2.89,1.0,0.1941,0.3964,0.0365,-0.1559,0.2096,0.0411,2026-04-27,276.86,278.23,276.25,277.1,801245.0,276.95763
2026-04-27T23:26:58.279,14,14,IWM260511C00282000,IWM,2026-05-11,call,282.0,2.52,67.0,2.58,17.0,2.55,2.49,17.0,0.1945,0.3612,0.0354,-0.1512,0.2036,0.0375,2026-04-27,276.86,278.23,276.25,277.1,801245.0,276.95763
2026-04-27T23:26:58.279,14,14,IWM260511C00283000,IWM,2026-05-11,call,283.0,2.12,111.0,2.22,5.0,2.17,2.15,1.0,0.1919,0.3247,0.0345,-0.1429,0.1956,0.0337,2026-04-27,276.86,278.23,276.25,277.1,801245.0,276.95763
2026-04-27T23:26:58.279,14,14,IWM260511C00284000,IWM,2026-05-11,call,284.0,1.84,16.0,1.9,12.0,1.87,1.82,51.0,0.1917,0.2914,0.0329,-0.1355,0.1865,0.0303,2026-04-27,276.86,278.23,276.25,277.1,801245.0,276.95763
2026-04-27T23:26:58.279,14,14,IWM260511C00285000,IWM,2026-05-11,call,285.0,1.5,71.0,1.59,31.0,1.545,1.52,1.0,0.1881,0.256,0.0315,-0.1244,0.1749,0.0267,2026-04-27,276.86,278.23,276.25,277.1,801245.0,276.95763
2026-04-27T23:26:58.279,14,14,IWM260511C00290000,IWM,2026-05-11,call,290.0,0.55,61.0,0.59,43.0,0.5700000000000001,0.6,1.0,0.1806,0.1198,0.0203,-0.0733,0.1086,0.0125,2026-04-27,276.86,278.23,276.25,277.1,801245.0,276.95763
2026-04-27T23:26:58.279,14,14,IWM260511C00300000,IWM,2026-05-11,call,300.0,0.08,90.0,0.12,91.0,0.1,0.09,1.0,0.1966,0.0251,0.0055,-0.0231,0.0319,0.0026,2026-04-27,276.86,278.23,276.25,277.1,801245.0,276.95763
2026-04-27T23:26:58.279,14,14,IWM260511C00310000,IWM,2026-05-11,call,310.0,0.03,69.0,0.06,103.0,0.045,,,0.2381,0.0104,0.0021,-0.013,0.015,0.0011,2026-04-27,276.86,278.23,276.25,277.1,801245.0,276.95763
2026-04-27T23:26:58.279,14,14,IWM260511C00320000,IWM,2026-05-11,call,320.0,0.0,0.0,0.04,183.0,0.02,,,,,,,,,2026-04-27,276.86,278.23,276.25,277.1,801245.0,276.95763
2026-04-27T23:26:58.279,14,14,IWM260511C00330000,IWM,2026-05-11,call,330.0,0.0,0.0,0.01,167.0,0.005,,,,,,,,,2026-04-27,276.86,278.23,276.25,277.1,801245.0,276.95763
2026-04-27T23:26:58.279,14,14,IWM260511P00230000,IWM,2026-05-11,put,230.0,0.05,289.0,0.08,198.0,0.065,,,0.4124,-0.0085,0.001,-0.0182,0.0126,-0.0009,2026-04-27,276.86,278.23,276.25,277.1,801245.0,276.95763
2026-04-27T23:26:58.279,14,14,IWM260511P00240000,IWM,2026-05-11,put,240.0,0.06,308.0,0.09,320.0,0.075,0.12,5.0,0.3359,-0.0117,0.0017,-0.0196,0.0166,-0.0013,2026-04-27,276.86,278.23,276.25,277.1,801245.0,276.95763
2026-04-27T23:26:58.279,14,14,IWM260511P00250000,IWM,2026-05-11,put,250.0,0.2,218.0,0.28,123.0,0.24000000000000002,0.26,1.0,0.3056,-0.0356,0.0047,-0.0455,0.0426,-0.0039,2026-04-27,276.86,278.23,276.25,277.1,801245.0,276.95763
2026-04-27T23:26:58.279,14,14,IWM260511P00260000,IWM,2026-05-11,put,260.0,0.73,74.0,0.75,127.0,0.74,0.74,1.0,0.2748,-0.1019,0.0119,-0.092,0.0967,-0.0111,2026-04-27,276.86,278.23,276.25,277.1,801245.0,276.95763
2026-04-27T23:26:58.279,14,14,IWM260511P00265000,IWM,2026-05-11,put,265.0,1.25,37.0,1.3,31.0,1.275,1.38,1.0,0.2593,-0.1663,0.0177,-0.1209,0.1356,-0.0182,2026-04-27,276.86,278.23,276.25,277.1,801245.0,276.95763
2026-04-27T23:26:58.279,14,14,IWM260511P00266000,IWM,2026-05-11,put,266.0,1.45,1.0,1.49,21.0,1.47,1.56,1.0,0.2597,-0.1858,0.019,-0.1297,0.1455,-0.0203,2026-04-27,276.86,278.23,276.25,277.1,801245.0,276.95763
2026-04-27T23:26:58.279,14,14,IWM260511P00267000,IWM,2026-05-11,put,267.0,1.57,35.0,1.62,50.0,1.5950000000000002,1.77,1.0,0.2542,-0.2015,0.0203,-0.1331,0.1529,-0.0221,2026-04-27,276.86,278.23,276.25,277.1,801245.0,276.95763
2026-04-27T23:26:58.279,14,14,IWM260511P00268000,IWM,2026-05-11,put,268.0,1.75,7.0,1.85,10.0,1.8,1.94,1.0,0.2529,-0.2221,0.0217,-0.1399,0.1619,-0.0243,2026-04-27,276.86,278.23,276.25,277.1,801245.0,276.95763
2026-04-27T23:26:58.279,14,14,IWM260511P00269000,IWM,2026-05-11,put,269.0,1.99,97.0,2.05,93.0,2.02,2.2,14.0,0.2512,-0.2438,0.023,-0.146,0.1705,-0.0267,2026-04-27,276.86,278.23,276.25,277.1,801245.0,276.95763
2026-04-27T23:26:58.279,14,14,IWM260511P00270000,IWM,2026-05-11,put,270.0,2.18,2.0,2.23,73.0,2.205,2.24,1.0,0.2463,-0.2644,0.0244,-0.149,0.1779,-0.029,2026-04-27,276.86,278.23,276.25,277.1,801245.0,276.95763
2026-04-27T23:26:58.279,14,14,IWM260511P00271000,IWM,2026-05-11,put,271.0,2.38,40.0,2.53,38.0,2.455,2.67,1.0,0.244,-0.2884,0.0257,-0.1535,0.1856,-0.0317,2026-04-27,276.86,278.23,276.25,277.1,801245.0,276.95763
2026-04-27T23:26:58.279,14,14,IWM260511P00272000,IWM,2026-05-11,put,272.0,2.69,26.0,2.72,49.0,2.705,2.93,1.0,0.2405,-0.313,0.0271,-0.1565,0.1926,-0.0344,2026-04-27,276.86,278.23,276.25,277.1,801245.0,276.95763
2026-04-27T23:26:58.279,14,14,IWM260511P00273000,IWM,2026-05-11,put,273.0,2.94,42.0,3.04,43.0,2.99,3.09,53.0,0.2375,-0.3394,0.0284,-0.1592,0.1991,-0.0373,2026-04-27,276.86,278.23,276.25,277.1,801245.0,276.95763
2026-04-27T23:26:58.279,14,14,IWM260511P00274000,IWM,2026-05-11,put,274.0,3.37,36.0,3.44,137.0,3.4050000000000002,3.4,1.0,0.2397,-0.3696,0.029,-0.1651,0.2052,-0.0407,2026-04-27,276.86,278.23,276.25,277.1,801245.0,276.95763
2026-04-27T23:26:58.279,14,14,IWM260511P00275000,IWM,2026-05-11,put,275.0,3.65,25.0,3.72,85.0,3.685,4.04,5.0,0.2339,-0.3973,0.0303,-0.1638,0.2097,-0.0437,2026-04-27,276.86,278.23,276.25,277.1,801245.0,276.95763
2026-04-27T23:26:58.279,14,14,IWM260511P00276000,IWM,2026-05-11,put,276.0,3.94,10.0,4.2,4.0,4.07,4.059,1.0,0.2318,-0.4277,0.0311,-0.1644,0.2133,-0.0471,2026-04-27,276.86,278.23,276.25,277.1,801245.0,276.95763
2026-04-27T23:26:58.279,14,14,IWM260511P00277000,IWM,2026-05-11,put,277.0,4.49,40.0,4.6,24.0,4.545,4.49,1.0,0.2324,-0.4592,0.0314,-0.166,0.2158,-0.0506,2026-04-27,276.86,278.23,276.25,277.1,801245.0,276.95763
2026-04-27T23:26:58.279,14,14,IWM260511P00278000,IWM,2026-05-11,put,278.0,4.92,11.0,4.95,27.0,4.9350000000000005,5.05,1.0,0.2277,-0.4909,0.0322,-0.1623,0.2169,-0.0542,2026-04-27,276.86,278.23,276.25,277.1,801245.0,276.95763
2026-04-27T23:26:58.279,14,14,IWM260511P00279000,IWM,2026-05-11,put,279.0,5.36,7.0,5.45,8.0,5.405,,,0.2252,-0.5234,0.0325,-0.1592,0.2165,-0.0578,2026-04-27,276.86,278.23,276.25,277.1,801245.0,276.95763
2026-04-27T23:26:58.279,14,14,IWM260511P00280000,IWM,2026-05-11,put,280.0,5.98,16.0,6.09,25.0,6.035,,,0.2286,-0.5545,0.0318,-0.1595,0.2149,-0.0614,2026-04-27,276.86,278.23,276.25,277.1,801245.0,276.95763
2026-04-27T23:26:58.279,14,14,IWM260511P00281000,IWM,2026-05-11,put,281.0,6.36,6.0,6.69,10.0,6.525,6.51,1.0,0.2241,-0.5879,0.0319,-0.1525,0.2116,-0.0651,2026-04-27,276.86,278.23,276.25,277.1,801245.0,276.95763
2026-04-27T23:26:58.279,14,14,IWM260511P00282000,IWM,2026-05-11,put,282.0,6.96,5.0,7.13,9.0,7.045,,,0.2193,-0.6219,0.0319,-0.144,0.2067,-0.0689,2026-04-27,276.86,278.23,276.25,277.1,801245.0,276.95763
2026-04-27T23:26:58.279,14,14,IWM260511P00283000,IWM,2026-05-11,put,283.0,7.59,5.0,7.74,2.0,7.665,,,0.2176,-0.654,0.0312,-0.137,0.2005,-0.0726,2026-04-27,276.86,278.23,276.25,277.1,801245.0,276.95763
2026-04-27T23:26:58.279,14,14,IWM260511P00284000,IWM,2026-05-11,put,284.0,8.42,6.0,8.55,7.0,8.485,,,0.2247,-0.6782,0.0293,-0.1368,0.1949,-0.0755,2026-04-27,276.86,278.23,276.25,277.1,801245.0,276.95763
2026-04-27T23:26:58.279,14,14,IWM260511P00285000,IWM,2026-05-11,put,285.0,8.92,1.0,9.07,3.0,8.995000000000001,9.21,10.0,0.2141,-0.7162,0.0291,-0.1202,0.1842,-0.0797,2026-04-27,276.86,278.23,276.25,277.1,801245.0,276.95763
2026-04-27T23:26:58.279,14,14,IWM260511P00290000,IWM,2026-05-11,put,290.0,13.29,1.0,13.43,1.0,13.36,13.66,1.0,0.2428,-0.8063,0.0208,-0.1059,0.1493,-0.091,2026-04-27,276.86,278.23,276.25,277.1,801245.0,276.95763
2026-04-27T23:26:58.279,14,14,IWM260511P00300000,IWM,2026-05-11,put,300.0,22.91,10.0,23.05,1.0,22.98,,,0.3232,-0.8792,0.0114,-0.0995,0.1093,-0.1024,2026-04-27,276.86,278.23,276.25,277.1,801245.0,276.95763
2026-04-27T23:26:58.279,14,14,IWM260511P00310000,IWM,2026-05-11,put,310.0,33.0,1.0,33.2,1.0,33.1,,,0.4313,-0.8939,0.0078,-0.1255,0.0996,-0.1079,2026-04-27,276.86,278.23,276.25,277.1,801245.0,276.95763
2026-04-27T23:26:58.279,14,14,IWM260511P00320000,IWM,2026-05-11,put,320.0,43.04,1.0,43.33,1.0,43.185,,,0.5302,-0.9037,0.0059,-0.1465,0.0928,-0.1128,2026-04-27,276.86,278.23,276.25,277.1,801245.0,276.95763
2026-04-27T23:26:58.279,14,14,IWM260511P00330000,IWM,2026-05-11,put,330.0,53.31,1.0,53.45,10.0,53.38,,,0.6368,-0.9053,0.0049,-0.1781,0.0917,-0.1169,2026-04-27,276.86,278.23,276.25,277.1,801245.0,276.95763
2026-04-27T23:26:58.279,30,32,IWM260529C00140000,IWM,2026-05-29,call,140.0,136.34,1.0,136.94,1.0,136.64,,,,,,,,,2026-04-27,276.86,278.23,276.25,277.1,801245.0,276.95763
2026-04-27T23:26:58.279,30,32,IWM260529C00145000,IWM,2026-05-29,call,145.0,133.07,1.0,133.2,1.0,133.135,,,,,,,,,2026-04-27,276.86,278.23,276.25,277.1,801245.0,276.95763
2026-04-27T23:26:58.279,30,32,IWM260529C00150000,IWM,2026-05-29,call,150.0,128.09,1.0,128.22,1.0,128.155,,,,,,,,,2026-04-27,276.86,278.23,276.25,277.1,801245.0,276.95763
2026-04-27T23:26:58.279,30,32,IWM260529C00155000,IWM,2026-05-29,call,155.0,124.64,10.0,124.78,1.0,124.71000000000001,,,,,,,,,2026-04-27,276.86,278.23,276.25,277.1,801245.0,276.95763
2026-04-27T23:26:58.279,30,32,IWM260529C00160000,IWM,2026-05-29,call,160.0,117.22,1.0,117.35,1.0,117.285,,,,,,,,,2026-04-27,276.86,278.23,276.25,277.1,801245.0,276.95763
2026-04-27T23:26:58.279,30,32,IWM260529C00165000,IWM,2026-05-29,call,165.0,111.34,1.0,112.01,1.0,111.67500000000001,111.74,5.0,,,,,,,2026-04-27,276.86,278.23,276.25,277.1,801245.0,276.95763
2026-04-27T23:26:58.279,30,32,IWM260529C00170000,IWM,2026-05-29,call,170.0,106.92,1.0,107.06,10.0,106.99000000000001,,,,,,,,,2026-04-27,276.86,278.23,276.25,277.1,801245.0,276.95763
2026-04-27T23:26:58.279,30,32,IWM260529C00175000,IWM,2026-05-29,call,175.0,101.23,1.0,102.67,1.0,101.95,,,,,,,,,2026-04-27,276.86,278.23,276.25,277.1,801245.0,276.95763
2026-04-27T23:26:58.279,30,32,IWM260529C00180000,IWM,2026-05-29,call,180.0,96.69,1.0,97.82,1.0,97.255,96.54,6.0,,,,,,,2026-04-27,276.86,278.23,276.25,277.1,801245.0,276.95763
2026-04-27T23:26:58.279,30,32,IWM260529C00185000,IWM,2026-05-29,call,185.0,93.33,1.0,93.42,1.0,93.375,92.46,3.0,0.6101,0.9907,0.0005,-0.0377,0.0205,0.1593,2026-04-27,276.86,278.23,276.25,277.1,801245.0,276.95763
2026-04-27T23:26:58.279,30,32,IWM260529C00190000,IWM,2026-05-29,call,190.0,88.33,1.0,88.47,10.0,88.4,,,0.5785,0.9898,0.0006,-0.0388,0.0223,0.1634,2026-04-27,276.86,278.23,276.25,277.1,801245.0,276.95763
2026-04-27T23:26:58.279,30,32,IWM260529C00195000,IWM,2026-05-29,call,195.0,83.99,1.0,84.13,1.0,84.06,,,0.6972,0.9664,0.0013,-0.0854,0.0615,0.1615,2026-04-27,276.86,278.23,276.25,277.1,801245.0,276.95763
2026-04-27T23:26:58.279,30,32,IWM260529C00200000,IWM,2026-05-29,call,200.0,78.31,1.0,78.44,1.0,78.375,,,0.483,0.9915,0.0006,-0.034,0.019,0.1726,2026-04-27,276.86,278.23,276.25,277.1,801245.0,276.95763
2026-04-27T23:26:58.279,30,32,IWM260529C00205000,IWM,2026-05-29,call,205.0,71.97,1.0,72.1,1.0,72.035,58.39,3.0,,,,,,,2026-04-27,276.86,278.23,276.25,277.1,801245.0,276.95763
2026-04-27T23:26:58.279,30,32,IWM260529C00210000,IWM,2026-05-29,call,210.0,68.76,1.0,68.89,1.0,68.825,61.1,1.0,0.5292,0.97,0.0016,-0.0663,0.056,0.1757,2026-04-27,276.86,278.23,276.25,277.1,801245.0,276.95763
2026-04-27T23:26:58.279,30,32,IWM260529C00215000,IWM,2026-05-29,call,215.0,61.95,1.0,63.41,1.0,62.68,,,,,,,,,2026-04-27,276.86,278.23,276.25,277.1,801245.0,276.95763
2026-04-27T23:26:58.279,30,32,IWM260529C00220000,IWM,2026-05-29,call,220.0,57.64,1.0,57.81,1.0,57.725,58.19,10.0,,,,,,,2026-04-27,276.86,278.23,276.25,277.1,801245.0,276.95763
2026-04-27T23:26:58.279,30,32,IWM260529C00225000,IWM,2026-05-29,call,225.0,52.42,10.0,52.65,1.0,52.535,52.48,10.0,,,,,,,2026-04-27,276.86,278.23,276.25,277.1,801245.0,276.95763
2026-04-27T23:26:58.279,30,32,IWM260529C00230000,IWM,2026-05-29,call,230.0,47.2,1.0,49.07,10.0,48.135000000000005,48.72,1.0,,,,,,,2026-04-27,276.86,278.23,276.25,277.1,801245.0,276.95763
2026-04-27T23:26:58.279,30,32,IWM260529C00234000,IWM,2026-05-29,call,234.0,44.11,1.0,44.74,1.0,44.425,,,0.25,0.9916,0.0011,-0.0304,0.0189,0.2024,2026-04-27,276.86,278.23,276.25,277.1,801245.0,276.95763
2026-04-27T23:26:58.279,30,32,IWM260529C00235000,IWM,2026-05-29,call,235.0,43.69,1.0,44.23,1.0,43.959999999999994,,,0.354,0.9528,0.0034,-0.0667,0.0809,0.1934,2026-04-27,276.86,278.23,276.25,277.1,801245.0,276.95763
2026-04-27T23:26:58.279,30,32,IWM260529C00236000,IWM,2026-05-29,call,236.0,42.75,1.0,42.93,1.0,42.84,,,0.3308,0.9591,0.0032,-0.0596,0.0722,0.1959,2026-04-27,276.86,278.23,276.25,277.1,801245.0,276.95763
2026-04-27T23:26:58.279,30,32,IWM260529C00237000,IWM,2026-05-29,call,237.0,40.54,1.0,41.87,1.0,41.205,,,,,,,,,2026-04-27,276.86,278.23,276.25,277.1,801245.0,276.95763
2026-04-27T23:26:58.279,30,32,IWM260529C00238000,IWM,2026-05-29,call,238.0,39.85,1.0,40.75,1.0,40.3,,,,,,,,,2026-04-27,276.86,278.23,276.25,277.1,801245.0,276.95763
2026-04-27T23:26:58.279,30,32,IWM260529C00239000,IWM,2026-05-29,call,239.0,38.99,1.0,39.85,1.0,39.42,39.42,1.0,0.2113,0.9934,0.0011,-0.0286,0.0153,0.2072,2026-04-27,276.86,278.23,276.25,277.1,801245.0,276.95763
2026-04-27T23:26:58.279,30,32,IWM260529C00240000,IWM,2026-05-29,call,240.0,38.77,1.0,38.92,1.0,38.845,30.3,1.0,0.3021,0.9562,0.0037,-0.0586,0.0762,0.1987,2026-04-27,276.86,278.23,276.25,277.1,801245.0,276.95763
2026-04-27T23:26:58.279,30,32,IWM260529C00241000,IWM,2026-05-29,call,241.0,37.95,1.0,38.11,1.0,38.03,36.46,1.0,0.3166,0.9441,0.0043,-0.0682,0.0926,0.1964,2026-04-27,276.86,278.23,276.25,277.1,801245.0,276.95763
2026-04-27T23:26:58.279,30,32,IWM260529C00242000,IWM,2026-05-29,call,242.0,37.18,1.0,37.33,1.0,37.254999999999995,35.56,4.0,0.3311,0.9309,0.0049,-0.0786,0.1093,0.1939,2026-04-27,276.86,278.23,276.25,277.1,801245.0,276.95763
2026-04-27T23:26:58.279,30,32,IWM260529C00243000,IWM,2026-05-29,call,243.0,34.9,10.0,35.73,1.0,35.315,25.3,1.0,,,,,,,2026-04-27,276.86,278.23,276.25,277.1,801245.0,276.95763
2026-04-27T23:26:58.279,30,32,IWM260529C00244000,IWM,2026-05-29,call,244.0,33.96,1.0,34.66,1.0,34.31,34.47,4.0,,,,,,,2026-04-27,276.86,278.23,276.25,277.1,801245.0,276.95763
2026-04-27T23:26:58.279,30,32,IWM260529C00245000,IWM,2026-05-29,call,245.0,33.43,1.0,33.59,1.0,33.510000000000005,32.659,2.0,0.208,0.9827,0.0025,-0.0353,0.0352,0.2098,2026-04-27,276.86,278.23,276.25,277.1,801245.0,276.95763
2026-04-27T23:26:58.279,30,32,IWM260529C00246000,IWM,2026-05-29,call,246.0,32.28,1.0,32.6,13.0,32.44,31.45,1.0,0.1742,0.9925,0.0014,-0.0289,0.017,0.2131,2026-04-27,276.86,278.23,276.25,277.1,801245.0,276.95763
2026-04-27T23:26:58.279,30,32,IWM260529C00247000,IWM,2026-05-29,call,247.0,31.57,10.0,31.7,1.0,31.634999999999998,31.66,4.0,0.2217,0.9687,0.0039,-0.0438,0.058,0.208,2026-04-27,276.86,278.23,276.25,277.1,801245.0,276.95763
2026-04-27T23:26:58.279,30,32,IWM260529C00247500,IWM,2026-05-29,call,247.5,31.79,1.0,31.93,1.0,31.86,30.99,3.0,0.2966,0.9174,0.0062,-0.0802,0.1251,0.1954,2026-04-27,276.86,278.23,276.25,277.1,801245.0,276.95763
2026-04-27T23:26:58.279,30,32,IWM260529C00248000,IWM,2026-05-29,call,248.0,30.47,1.0,31.0,1.0,30.735,29.16,1.0,0.2302,0.9588,0.0047,-0.0496,0.0726,0.2064,2026-04-27,276.86,278.23,276.25,277.1,801245.0,276.95763
2026-04-27T23:26:58.279,30,32,IWM260529C00249000,IWM,2026-05-29,call,249.0,29.34,9.0,29.86,1.0,29.6,29.22,1.0,0.202,0.9714,0.0039,-0.0409,0.0537,0.2105,2026-04-27,276.86,278.23,276.25,277.1,801245.0,276.95763
2026-04-27T23:26:58.279,30,32,IWM260529C00250000,IWM,2026-05-29,call,250.0,29.42,1.0,29.56,5.0,29.490000000000002,28.32,1.0,0.2864,0.9059,0.0071,-0.0839,0.138,0.1946,2026-04-27,276.86,278.23,276.25,277.1,801245.0,276.95763
2026-04-27T23:26:58.279,30,32,IWM260529C00251000,IWM,2026-05-29,call,251.0,28.19,1.0,28.38,1.0,28.285,28.07,1.0,0.2629,0.9154,0.0072,-0.0749,0.1275,0.198,2026-04-27,276.86,278.23,276.25,277.1,801245.0,276.95763
2026-04-27T23:26:58.279,30,32,IWM260529C00252000,IWM,2026-05-29,call,252.0,26.93,1.0,27.12,1.0,27.025,27.08,3.0,0.2333,0.9308,0.0069,-0.063,0.1093,0.2029,2026-04-27,276.86,278.23,276.25,277.1,801245.0,276.95763
2026-04-27T23:26:58.279,30,32,IWM260529C00252500,IWM,2026-05-29,call,252.5,26.29,1.0,26.42,1.0,26.355,26.77,1.0,0.2129,0.9437,0.0065,-0.0545,0.0931,0.2066,2026-04-27,276.86,278.23,276.25,277.1,801245.0,276.95763
2026-04-27T23:26:58.279,30,32,IWM260529C00253000,IWM,2026-05-29,call,253.0,26.76,1.0,26.9,16.0,26.83,26.19,4.0,0.2841,0.8818,0.0085,-0.094,0.1627,0.1911,2026-04-27,276.86,278.23,276.25,277.1,801245.0,276.95763
2026-04-27T23:26:58.279,30,32,IWM260529C00254000,IWM,2026-05-29,call,254.0,25.08,1.0,25.86,1.0,25.47,24.89,1.0,0.2525,0.8979,0.0086,-0.0801,0.1465,0.1962,2026-04-27,276.86,278.23,276.25,277.1,801245.0,276.95763
2026-04-27T23:26:58.279,30,32,IWM260529C00255000,IWM,2026-05-29,call,255.0,24.67,10.0,24.82,10.0,24.745,24.34,1.0,0.2619,0.8802,0.0093,-0.0891,0.1643,0.1925,2026-04-27,276.86,278.23,276.25,277.1,801245.0,276.95763
2026-04-27T23:26:58.279,30,32,IWM260529C00256000,IWM,2026-05-29,call,256.0,23.52,10.0,24.08,1.0,23.799999999999997,23.85,1.0,0.2567,0.8742,0.0098,-0.09,0.1699,0.1919,2026-04-27,276.86,278.23,276.25,277.1,801245.0,276.95763
2026-04-27T23:26:58.279,30,32,IWM260529C00257000,IWM,2026-05-29,call,257.0,22.35,1.0,22.69,1.0,22.520000000000003,22.38,1.0,0.2313,0.8865,0.0101,-0.0794,0.1581,0.196,2026-04-27,276.86,278.23,276.25,277.1,801245.0,276.95763
2026-04-27T23:26:58.279,30,32,IWM260529C00257500,IWM,2026-05-29,call,257.5,22.57,2.0,22.7,6.0,22.634999999999998,15.97,1.0,0.2623,0.8528,0.0107,-0.0989,0.1892,0.1877,2026-04-27,276.86,278.23,276.25,277.1,801245.0,276.95763
2026-04-27T23:26:58.279,30,32,IWM260529C00258000,IWM,2026-05-29,call,258.0,21.41,9.0,22.18,14.0,21.795,21.57,1.0,0.2393,0.8675,0.0109,-0.0877,0.1762,0.192,2026-04-27,276.86,278.23,276.25,277.1,801245.0,276.95763
2026-04-27T23:26:58.279,30,32,IWM260529C00259000,IWM,2026-05-29,call,259.0,20.91,2.0,21.07,1.0,20.990000000000002,19.52,1.0,0.2413,0.8536,0.0116,-0.0927,0.1886,0.1894,2026-04-27,276.86,278.23,276.25,277.1,801245.0,276.95763
2026-04-27T23:26:58.279,30,32,IWM260529C00260000,IWM,2026-05-29,call,260.0,20.41,2.0,20.54,1.0,20.475,19.96,2.0,0.2566,0.8272,0.0121,-0.1051,0.2102,0.1834,2026-04-27,276.86,278.23,276.25,277.1,801245.0,276.95763
2026-04-27T23:26:58.279,30,32,IWM260529C00261000,IWM,2026-05-29,call,261.0,19.1,1.0,19.7,1.0,19.4,20.08,1.0,0.2437,0.8253,0.0129,-0.1015,0.2117,0.1839,2026-04-27,276.86,278.23,276.25,277.1,801245.0,276.95763
2026-04-27T23:26:58.279,30,32,IWM260529C00262000,IWM,2026-05-29,call,262.0,18.34,5.0,18.87,2.0,18.605,17.66,1.0,0.2438,0.8113,0.0135,-0.1052,0.2221,0.1811,2026-04-27,276.86,278.23,276.25,277.1,801245.0,276.95763
2026-04-27T23:26:58.279,30,32,IWM260529C00262500,IWM,2026-05-29,call,262.5,17.99,4.0,18.48,5.0,18.235,18.5,1.0,0.2448,0.8032,0.0138,-0.1076,0.2279,0.1795,2026-04-27,276.86,278.23,276.25,277.1,801245.0,276.95763
2026-04-27T23:26:58.279,30,32,IWM260529C00263000,IWM,2026-05-29,call,263.0,17.33,10.0,17.53,17.0,17.43,17.23,2.0,0.2264,0.8128,0.0144,-0.099,0.2211,0.1825,2026-04-27,276.86,278.23,276.25,277.1,801245.0,276.95763
2026-04-27T23:26:58.279,30,32,IWM260529C00264000,IWM,2026-05-29,call,264.0,17.08,1.0,17.18,2.0,17.13,17.52,1.0,0.2467,0.779,0.0146,-0.1139,0.244,0.1746,2026-04-27,276.86,278.23,276.25,277.1,801245.0,276.95763
2026-04-27T23:26:58.279,30,32,IWM260529C00265000,IWM,2026-05-29,call,265.0,16.19,13.0,16.26,1.0,16.225,15.84,4.0,0.2404,0.7685,0.0154,-0.1138,0.2505,0.1728,2026-04-27,276.86,278.23,276.25,277.1,801245.0,276.95763
2026-04-27T23:26:58.279,30,32,IWM260529C00266000,IWM,2026-05-29,call,266.0,15.11,1.0,15.88,1.0,15.495000000000001,15.84,1.0,0.2406,0.7519,0.016,-0.1171,0.2601,0.1694,2026-04-27,276.86,278.23,276.25,277.1,801245.0,276.95763
2026-04-27T23:26:58.279,30,32,IWM260529C00267000,IWM,2026-05-29,call,267.0,14.44,3.0,14.67,1.0,14.555,14.39,1.0,0.2323,0.7415,0.0169,-0.1156,0.2659,0.1677,2026-04-27,276.86,278.23,276.25,277.1,801245.0,276.95763
2026-04-27T23:26:58.279,30,32,IWM260529C00267500,IWM,2026-05-29,call,267.5,14.18,1.0,14.29,5.0,14.235,13.75,1.0,0.2336,0.7316,0.0172,-0.1178,0.271,0.1656,2026-04-27,276.86,278.23,276.25,277.1,801245.0,276.95763
2026-04-27T23:26:58.279,30,32,IWM260529C00268000,IWM,2026-05-29,call,268.0,13.52,1.0,13.81,10.0,13.665,13.46,4.0,0.2256,0.7288,0.0179,-0.1149,0.2724,0.1654,2026-04-27,276.86,278.23,276.25,277.1,801245.0,276.95763
2026-04-27T23:26:58.279,30,32,IWM260529C00269000,IWM,2026-05-29,call,269.0,13.12,2.0,13.35,2.0,13.235,13.43,1.0,0.235,0.7034,0.0179,-0.1226,0.2844,0.1596,2026-04-27,276.86,278.23,276.25,277.1,801245.0,276.95763
2026-04-27T23:26:58.279,30,32,IWM260529C00270000,IWM,2026-05-29,call,270.0,12.07,20.0,12.36,24.0,12.215,12.36,1.0,0.2228,0.6926,0.0192,-0.1186,0.2889,0.1579,2026-04-27,276.86,278.23,276.25,277.1,801245.0,276.95763
2026-04-27T23:26:58.279,30,32,IWM260529C00271000,IWM,2026-05-29,call,271.0,11.52,22.0,11.6,20.0,11.559999999999999,11.56,1.0,0.2229,0.6726,0.0197,-0.1208,0.2967,0.1536,2026-04-27,276.86,278.23,276.25,277.1,801245.0,276.95763
2026-04-27T23:26:58.279,30,32,IWM260529C00272000,IWM,2026-05-29,call,272.0,10.01,1.0,11.13,5.0,10.57,10.88,1.0,0.2112,0.6589,0.0211,-0.1167,0.3016,0.1511,2026-04-27,276.86,278.23,276.25,277.1,801245.0,276.95763
2026-04-27T23:26:58.279,30,32,IWM260529C00272500,IWM,2026-05-29,call,272.5,10.34,19.0,10.74,32.0,10.54,10.48,6.0,0.2205,0.6431,0.0206,-0.1224,0.3066,0.1473,2026-04-27,276.86,278.23,276.25,277.1,801245.0,276.95763
2026-04-27T23:26:58.279,30,32,IWM260529C00273000,IWM,2026-05-29,call,273.0,10.16,31.0,10.39,28.0,10.275,10.17,1.0,0.2218,0.6319,0.0207,-0.1238,0.3098,0.1448,2026-04-27,276.86,278.23,276.25,277.1,801245.0,276.95763
2026-04-27T23:26:58.279,30,32,IWM260529C00274000,IWM,2026-05-29,call,274.0,9.6,7.0,9.67,8.0,9.635,9.62,10.0,0.2203,0.6113,0.0212,-0.1244,0.3151,0.1403,2026-04-27,276.86,278.23,276.25,277.1,801245.0,276.95763
2026-04-27T23:26:58.279,30,32,IWM260529C00275000,IWM,2026-05-29,call,275.0,9.06,8.0,9.12,23.0,9.09,8.84,98.0,0.2212,0.5895,0.0214,-0.1259,0.3196,0.1355,2026-04-27,276.86,278.23,276.25,277.1,801245.0,276.95763
2026-04-27T23:26:58.279,30,32,IWM260529C00276000,IWM,2026-05-29,call,276.0,8.189,9.0,8.42,34.0,8.3045,8.45,1.0,0.214,0.5692,0.0223,-0.1229,0.323,0.1313,2026-04-27,276.86,278.23,276.25,277.1,801245.0,276.95763
2026-04-27T23:26:58.279,30,32,IWM260529C00277000,IWM,2026-05-29,call,277.0,7.62,41.0,7.89,24.0,7.755,7.57,2.0,0.2134,0.5468,0.0226,-0.123,0.3257,0.1263,2026-04-27,276.86,278.23,276.25,277.1,801245.0,276.95763
2026-04-27T23:26:58.279,30,32,IWM260529C00278000,IWM,2026-05-29,call,278.0,7.23,58.0,7.31,44.0,7.27,7.15,30.0,0.2141,0.5241,0.0226,-0.1233,0.3273,0.1212,2026-04-27,276.86,278.23,276.25,277.1,801245.0,276.95763
2026-04-27T23:26:58.279,30,32,IWM260529C00279000,IWM,2026-05-29,call,279.0,6.6,10.0,6.67,5.0,6.635,6.58,1.0,0.2096,0.501,0.0232,-0.1206,0.3279,0.1161,2026-04-27,276.86,278.23,276.25,277.1,801245.0,276.95763
2026-04-27T23:26:58.279,30,32,IWM260529C00280000,IWM,2026-05-29,call,280.0,6.01,52.0,6.07,24.0,6.04,6.02,1.0,0.2055,0.4771,0.0236,-0.1178,0.3274,0.1108,2026-04-27,276.86,278.23,276.25,277.1,801245.0,276.95763
2026-04-27T23:26:58.279,30,32,IWM260529C00281000,IWM,2026-05-29,call,281.0,5.58,15.0,5.6,24.0,5.59,5.54,1.0,0.2052,0.4537,0.0235,-0.1165,0.3257,0.1055,2026-04-27,276.86,278.23,276.25,277.1,801245.0,276.95763
2026-04-27T23:26:58.279,30,32,IWM260529C00282000,IWM,2026-05-29,call,282.0,5.11,53.0,5.22,22.0,5.165,5.08,1.0,0.205,0.4306,0.0233,-0.1149,0.323,0.1003,2026-04-27,276.86,278.23,276.25,277.1,801245.0,276.95763
2026-04-27T23:26:58.279,30,32,IWM260529C00283000,IWM,2026-05-29,call,283.0,4.67,12.0,4.79,21.0,4.73,4.69,1.0,0.2037,0.4071,0.0232,-0.1123,0.319,0.0949,2026-04-27,276.86,278.23,276.25,277.1,801245.0,276.95763
2026-04-27T23:26:58.279,30,32,IWM260529C00284000,IWM,2026-05-29,call,284.0,4.21,19.0,4.26,28.0,4.234999999999999,4.28,2.0,0.1998,0.3819,0.0232,-0.108,0.3135,0.0892,2026-04-27,276.86,278.23,276.25,277.1,801245.0,276.95763
2026-04-27T23:26:58.279,30,32,IWM260529C00285000,IWM,2026-05-29,call,285.0,3.81,6.0,3.93,8.0,3.87,3.88,1.0,0.1992,0.359,0.0228,-0.1052,0.3072,0.084,2026-04-27,276.86,278.23,276.25,277.1,801245.0,276.95763
2026-04-27T23:26:58.279,30,32,IWM260529C00286000,IWM,2026-05-29,call,286.0,3.41,45.0,3.47,58.0,3.4400000000000004,3.45,2.0,0.1957,0.3339,0.0226,-0.1004,0.2991,0.0783,2026-04-27,276.86,278.23,276.25,277.1,801245.0,276.95763
2026-04-27T23:26:58.279,30,32,IWM260529C00287000,IWM,2026-05-29,call,287.0,3.15,101.0,3.2,22.0,3.175,3.14,1.0,0.197,0.3135,0.0219,-0.0981,0.2914,0.0735,2026-04-27,276.86,278.23,276.25,277.1,801245.0,276.95763
2026-04-27T23:26:58.279,30,32,IWM260529C00288000,IWM,2026-05-29,call,288.0,2.83,97.0,2.9,63.0,2.865,2.83,6.0,0.196,0.2917,0.0213,-0.0942,0.2821,0.0685,2026-04-27,276.86,278.23,276.25,277.1,801245.0,276.95763
2026-04-27T23:26:58.279,30,32,IWM260529C00289000,IWM,2026-05-29,call,289.0,2.48,107.0,2.54,66.0,2.51,2.54,8.0,0.1925,0.2676,0.0208,-0.0886,0.2706,0.0629,2026-04-27,276.86,278.23,276.25,277.1,801245.0,276.95763
2026-04-27T23:26:58.279,30,32,IWM260529C00290000,IWM,2026-05-29,call,290.0,2.22,100.0,2.26,98.0,2.24,2.28,1.0,0.1913,0.2466,0.0201,-0.0841,0.2593,0.058,2026-04-27,276.86,278.23,276.25,277.1,801245.0,276.95763
2026-04-27T23:26:58.279,30,32,IWM260529C00291000,IWM,2026-05-29,call,291.0,1.99,44.0,2.07,31.0,2.03,1.9,1.0,0.1917,0.2283,0.0192,-0.0806,0.2485,0.0538,2026-04-27,276.86,278.23,276.25,277.1,801245.0,276.95763
2026-04-27T23:26:58.279,30,32,IWM260529C00292000,IWM,2026-05-29,call,292.0,1.8,161.0,1.84,96.0,1.82,1.77,3.0,0.1914,0.21,0.0183,-0.0765,0.2369,0.0495,2026-04-27,276.86,278.23,276.25,277.1,801245.0,276.95763
2026-04-27T23:26:58.279,30,32,IWM260529C00293000,IWM,2026-05-29,call,293.0,1.56,44.0,1.63,6.0,1.595,1.63,1.0,0.1896,0.1907,0.0174,-0.0714,0.2236,0.045,2026-04-27,276.86,278.23,276.25,277.1,801245.0,276.95763
2026-04-27T23:26:58.279,30,32,IWM260529C00294000,IWM,2026-05-29,call,294.0,1.37,91.0,1.45,11.0,1.4100000000000001,1.53,1.0,0.1888,0.1735,0.0165,-0.0668,0.2107,0.041,2026-04-27,276.86,278.23,276.25,277.1,801245.0,276.95763
2026-04-27T23:26:58.279,30,32,IWM260529C00295000,IWM,2026-05-29,call,295.0,1.25,210.0,1.29,140.0,1.27,1.24,1.0,0.1894,0.1592,0.0156,-0.0633,0.1993,0.0376,2026-04-27,276.86,278.23,276.25,277.1,801245.0,276.95763
2026-04-27T23:26:58.279,30,32,IWM260529C00296000,IWM,2026-05-29,call,296.0,1.1,257.0,1.14,102.0,1.12,1.11,1.0,0.1888,0.1442,0.0146,-0.0589,0.1866,0.0341,2026-04-27,276.86,278.23,276.25,277.1,801245.0,276.95763
2026-04-27T23:26:58.279,30,32,IWM260529C00297000,IWM,2026-05-29,call,297.0,0.93,94.0,1.01,13.0,0.97,0.96,1.0,0.1874,0.129,0.0137,-0.0541,0.173,0.0305,2026-04-27,276.86,278.23,276.25,277.1,801245.0,276.95763
2026-04-27T23:26:58.279,30,32,IWM260529C00298000,IWM,2026-05-29,call,298.0,0.85,247.0,0.89,23.0,0.87,0.97,1.0,0.1881,0.1176,0.0128,-0.0508,0.1621,0.0279,2026-04-27,276.86,278.23,276.25,277.1,801245.0,276.95763
2026-04-27T23:26:58.279,30,32,IWM260529C00299000,IWM,2026-05-29,call,299.0,0.75,255.0,0.79,146.0,0.77,0.74,1.0,0.1882,0.1063,0.0119,-0.0472,0.1508,0.0252,2026-04-27,276.86,278.23,276.25,277.1,801245.0,276.95763
2026-04-27T23:26:58.279,30,32,IWM260529C00300000,IWM,2026-05-29,call,300.0,0.66,334.0,0.7,163.0,0.6799999999999999,0.67,1.0,0.1882,0.0958,0.011,-0.0437,0.1398,0.0227,2026-04-27,276.86,278.23,276.25,277.1,801245.0,276.95763
2026-04-27T23:26:58.279,30,32,IWM260529C00305000,IWM,2026-05-29,call,305.0,0.36,117.0,0.39,113.0,0.375,0.36,19.0,0.1909,0.0572,0.0073,-0.0297,0.0943,0.0136,2026-04-27,276.86,278.23,276.25,277.1,801245.0,276.95763
2026-04-27T23:26:58.279,30,32,IWM260529C00310000,IWM,2026-05-29,call,310.0,0.21,78.0,0.23,144.0,0.22,0.22,9.0,0.1966,0.0351,0.0048,-0.0205,0.0637,0.0083,2026-04-27,276.86,278.23,276.25,277.1,801245.0,276.95763
2026-04-27T23:26:58.279,30,32,IWM260529C00315000,IWM,2026-05-29,call,315.0,0.13,184.0,0.15,146.0,0.14,0.11,24.0,0.2048,0.0227,0.0032,-0.0148,0.0444,0.0054,2026-04-27,276.86,278.23,276.25,277.1,801245.0,276.95763
2026-04-27T23:26:58.279,30,32,IWM260529C00320000,IWM,2026-05-29,call,320.0,0.05,75.0,0.11,100.0,0.08,0.08,1.0,0.2093,0.0135,0.002,-0.0097,0.0285,0.0032,2026-04-27,276.86,278.23,276.25,277.1,801245.0,276.95763
2026-04-27T23:26:58.279,30,32,IWM260529P00140000,IWM,2026-05-29,put,140.0,0.0,0.0,0.01,144.0,0.005,,,,,,,,,2026-04-27,276.86,278.23,276.25,277.1,801245.0,276.95763
2026-04-27T23:26:58.279,30,32,IWM260529P00145000,IWM,2026-05-29,put,145.0,0.0,0.0,0.01,114.0,0.005,,,,,,,,,2026-04-27,276.86,278.23,276.25,277.1,801245.0,276.95763
2026-04-27T23:26:58.279,30,32,IWM260529P00150000,IWM,2026-05-29,put,150.0,0.0,0.0,0.04,104.0,0.02,,,,,,,,,2026-04-27,276.86,278.23,276.25,277.1,801245.0,276.95763
2026-04-27T23:26:58.279,30,32,IWM260529P00155000,IWM,2026-05-29,put,155.0,0.0,0.0,0.04,104.0,0.02,,,,,,,,,2026-04-27,276.86,278.23,276.25,277.1,801245.0,276.95763
2026-04-27T23:26:58.279,30,32,IWM260529P00160000,IWM,2026-05-29,put,160.0,0.03,15.0,0.05,118.0,0.04,,,0.6842,-0.0023,0.0001,-0.0062,0.0059,-0.0006,2026-04-27,276.86,278.23,276.25,277.1,801245.0,276.95763
2026-04-27T23:26:58.279,30,32,IWM260529P00165000,IWM,2026-05-29,put,165.0,0.01,119.0,0.05,111.0,0.030000000000000002,,,0.6308,-0.0019,0.0001,-0.0048,0.0049,-0.0005,2026-04-27,276.86,278.23,276.25,277.1,801245.0,276.95763
2026-04-27T23:26:58.279,30,32,IWM260529P00170000,IWM,2026-05-29,put,170.0,0.01,132.0,0.05,114.0,0.030000000000000002,0.02,1.0,0.5974,-0.002,0.0001,-0.0048,0.0052,-0.0005,2026-04-27,276.86,278.23,276.25,277.1,801245.0,276.95763
2026-04-27T23:26:58.279,30,32,IWM260529P00175000,IWM,2026-05-29,put,175.0,0.01,104.0,0.06,117.0,0.034999999999999996,0.12,1.0,0.5734,-0.0024,0.0002,-0.0054,0.0061,-0.0006,2026-04-27,276.86,278.23,276.25,277.1,801245.0,276.95763
2026-04-27T23:26:58.279,30,32,IWM260529P00180000,IWM,2026-05-29,put,180.0,0.04,104.0,0.06,17.0,0.05,0.05,36.0,0.5616,-0.0034,0.0002,-0.0073,0.0084,-0.0009,2026-04-27,276.86,278.23,276.25,277.1,801245.0,276.95763
2026-04-27T23:26:58.279,30,32,IWM260529P00185000,IWM,2026-05-29,put,185.0,0.01,164.0,0.03,104.0,0.02,0.18,1.0,0.4829,-0.0017,0.0001,-0.0033,0.0045,-0.0004,2026-04-27,276.86,278.23,276.25,277.1,801245.0,276.95763
2026-04-27T23:26:58.279,30,32,IWM260529P00190000,IWM,2026-05-29,put,190.0,0.06,294.0,0.08,329.0,0.07,0.05,4.0,0.5165,-0.005,0.0003,-0.0094,0.0119,-0.0013,2026-04-27,276.86,278.23,276.25,277.1,801245.0,276.95763
2026-04-27T23:26:58.279,30,32,IWM260529P00195000,IWM,2026-05-29,put,195.0,0.07,132.0,0.09,114.0,0.08,0.1,1.0,0.4922,-0.0059,0.0004,-0.0104,0.0138,-0.0015,2026-04-27,276.86,278.23,276.25,277.1,801245.0,276.95763
2026-04-27T23:26:58.279,30,32,IWM260529P00200000,IWM,2026-05-29,put,200.0,0.05,103.0,0.11,352.0,0.08,0.1,1.0,0.4606,-0.0063,0.0005,-0.0103,0.0145,-0.0016,2026-04-27,276.86,278.23,276.25,277.1,801245.0,276.95763
2026-04-27T23:26:58.279,30,32,IWM260529P00205000,IWM,2026-05-29,put,205.0,0.07,46.0,0.09,245.0,0.08,0.09,10.0,0.4296,-0.0067,0.0005,-0.0102,0.0154,-0.0017,2026-04-27,276.86,278.23,276.25,277.1,801245.0,276.95763
2026-04-27T23:26:58.279,30,32,IWM260529P00210000,IWM,2026-05-29,put,210.0,0.09,157.0,0.15,20.0,0.12,0.24,1.0,0.4202,-0.0099,0.0008,-0.0139,0.0217,-0.0025,2026-04-27,276.86,278.23,276.25,277.1,801245.0,276.95763
2026-04-27T23:26:58.279,30,32,IWM260529P00215000,IWM,2026-05-29,put,215.0,0.13,112.0,0.19,327.0,0.16,0.32,4.0,0.4048,-0.0132,0.001,-0.0173,0.0279,-0.0034,2026-04-27,276.86,278.23,276.25,277.1,801245.0,276.95763
2026-04-27T23:26:58.279,30,32,IWM260529P00220000,IWM,2026-05-29,put,220.0,0.21,105.0,0.23,12.0,0.22,0.22,1.0,0.3912,-0.0181,0.0014,-0.0219,0.0366,-0.0046,2026-04-27,276.86,278.23,276.25,277.1,801245.0,276.95763
2026-04-27T23:26:58.279,30,32,IWM260529P00225000,IWM,2026-05-29,put,225.0,0.23,87.0,0.3,281.0,0.265,0.29,12.0,0.3696,-0.0225,0.0018,-0.0248,0.044,-0.0057,2026-04-27,276.86,278.23,276.25,277.1,801245.0,276.95763
2026-04-27T23:26:58.279,30,32,IWM260529P00230000,IWM,2026-05-29,put,230.0,0.35,105.0,0.38,207.0,0.365,0.37,10.0,0.356,-0.0309,0.0024,-0.031,0.0573,-0.0078,2026-04-27,276.86,278.23,276.25,277.1,801245.0,276.95763
2026-04-27T23:26:58.279,30,32,IWM260529P00234000,IWM,2026-05-29,put,234.0,0.44,24.0,0.47,270.0,0.45499999999999996,0.53,2.0,0.3429,-0.0387,0.003,-0.0358,0.069,-0.0098,2026-04-27,276.86,278.23,276.25,277.1,801245.0,276.95763
2026-04-27T23:26:58.279,30,32,IWM260529P00235000,IWM,2026-05-29,put,235.0,0.46,78.0,0.49,71.0,0.475,0.49,6.0,0.3388,-0.0406,0.0031,-0.0368,0.0717,-0.0103,2026-04-27,276.86,278.23,276.25,277.1,801245.0,276.95763
2026-04-27T23:26:58.279,30,32,IWM260529P00236000,IWM,2026-05-29,put,236.0,0.49,37.0,0.52,70.0,0.505,0.52,2.0,0.3359,-0.0432,0.0033,-0.0383,0.0753,-0.0109,2026-04-27,276.86,278.23,276.25,277.1,801245.0,276.95763
2026-04-27T23:26:58.279,30,32,IWM260529P00237000,IWM,2026-05-29,put,237.0,0.48,105.0,0.51,248.0,0.495,0.53,4.0,0.3275,-0.0434,0.0034,-0.0375,0.0757,-0.011,2026-04-27,276.86,278.23,276.25,277.1,801245.0,276.95763
2026-04-27T23:26:58.279,30,32,IWM260529P00238000,IWM,2026-05-29,put,238.0,0.55,127.0,0.58,124.0,0.565,0.59,1.0,0.3293,-0.0484,0.0037,-0.0411,0.0826,-0.0123,2026-04-27,276.86,278.23,276.25,277.1,801245.0,276.95763
2026-04-27T23:26:58.279,30,32,IWM260529P00239000,IWM,2026-05-29,put,239.0,0.54,166.0,0.58,193.0,0.56,0.64,1.0,0.3216,-0.049,0.0038,-0.0405,0.0835,-0.0124,2026-04-27,276.86,278.23,276.25,277.1,801245.0,276.95763
2026-04-27T23:26:58.279,30,32,IWM260529P00240000,IWM,2026-05-29,put,240.0,0.62,34.0,0.66,241.0,0.64,0.62,10.0,0.3236,-0.0547,0.0042,-0.0445,0.091,-0.0139,2026-04-27,276.86,278.23,276.25,277.1,801245.0,276.95763
2026-04-27T23:26:58.279,30,32,IWM260529P00241000,IWM,2026-05-29,put,241.0,0.66,24.0,0.69,36.0,0.675,0.69,1.0,0.3201,-0.0578,0.0044,-0.0459,0.0951,-0.0147,2026-04-27,276.86,278.23,276.25,277.1,801245.0,276.95763
2026-04-27T23:26:58.279,30,32,IWM260529P00242000,IWM,2026-05-29,put,242.0,0.7,161.0,0.74,381.0,0.72,0.73,1.0,0.3174,-0.0615,0.0047,-0.0477,0.0999,-0.0156,2026-04-27,276.86,278.23,276.25,277.1,801245.0,276.95763
2026-04-27T23:26:58.279,30,32,IWM260529P00243000,IWM,2026-05-29,put,243.0,0.76,4.0,0.78,139.0,0.77,0.74,2.0,0.3149,-0.0656,0.0049,-0.0497,0.1049,-0.0166,2026-04-27,276.86,278.23,276.25,277.1,801245.0,276.95763
2026-04-27T23:26:58.279,30,32,IWM260529P00244000,IWM,2026-05-29,put,244.0,0.75,159.0,0.79,85.0,0.77,0.99,10.0,0.3074,-0.067,0.0051,-0.0493,0.1067,-0.017,2026-04-27,276.86,278.23,276.25,277.1,801245.0,276.95763
2026-04-27T23:26:58.279,30,32,IWM260529P00245000,IWM,2026-05-29,put,245.0,0.81,43.0,0.84,124.0,0.825,0.89,1.0,0.305,-0.0715,0.0054,-0.0514,0.1122,-0.0181,2026-04-27,276.86,278.23,276.25,277.1,801245.0,276.95763
2026-04-27T23:26:58.279,30,32,IWM260529P00246000,IWM,2026-05-29,put,246.0,0.86,134.0,0.94,78.0,0.8999999999999999,0.93,1.0,0.3039,-0.0772,0.0058,-0.0542,0.1189,-0.0196,2026-04-27,276.86,278.23,276.25,277.1,801245.0,276.95763
2026-04-27T23:26:58.279,30,32,IWM260529P00247000,IWM,2026-05-29,put,247.0,0.93,1.0,1.0,175.0,0.9650000000000001,0.98,2.0,0.3015,-0.0824,0.0061,-0.0565,0.1249,-0.0209,2026-04-27,276.86,278.23,276.25,277.1,801245.0,276.95763
2026-04-27T23:26:58.279,30,32,IWM260529P00247500,IWM,2026-05-29,put,247.5,0.96,13.0,1.03,92.0,0.995,1.04,1.0,0.3,-0.0849,0.0063,-0.0574,0.1278,-0.0215,2026-04-27,276.86,278.23,276.25,277.1,801245.0,276.95763
2026-04-27T23:26:58.279,30,32,IWM260529P00248000,IWM,2026-05-29,put,248.0,0.99,51.0,1.07,116.0,1.03,1.08,4.0,0.2988,-0.0877,0.0065,-0.0586,0.1309,-0.0222,2026-04-27,276.86,278.23,276.25,277.1,801245.0,276.95763
2026-04-27T23:26:58.279,30,32,IWM260529P00249000,IWM,2026-05-29,put,249.0,1.06,14.0,1.1,99.0,1.08,1.16,10.0,0.2947,-0.0923,0.0068,-0.06,0.136,-0.0234,2026-04-27,276.86,278.23,276.25,277.1,801245.0,276.95763
2026-04-27T23:26:58.279,30,32,IWM260529P00250000,IWM,2026-05-29,put,250.0,1.13,208.0,1.21,158.0,1.17,1.17,2.0,0.2933,-0.099,0.0072,-0.0628,0.1432,-0.0251,2026-04-27,276.86,278.23,276.25,277.1,801245.0,276.95763
2026-04-27T23:26:58.279,30,32,IWM260529P00251000,IWM,2026-05-29,put,251.0,1.21,75.0,1.25,129.0,1.23,1.34,2.0,0.2893,-0.1044,0.0076,-0.0643,0.1489,-0.0265,2026-04-27,276.86,278.23,276.25,277.1,801245.0,276.95763
2026-04-27T23:26:58.279,30,32,IWM260529P00252000,IWM,2026-05-29,put,252.0,1.34,11.0,1.38,106.0,1.3599999999999999,1.33,2.0,0.2896,-0.1133,0.0081,-0.0682,0.1579,-0.0288,2026-04-27,276.86,278.23,276.25,277.1,801245.0,276.95763
2026-04-27T23:26:58.279,30,32,IWM260529P00252500,IWM,2026-05-29,put,252.5,1.38,15.0,1.42,36.0,1.4,1.64,1.0,0.288,-0.1166,0.0083,-0.0691,0.1611,-0.0296,2026-04-27,276.86,278.23,276.25,277.1,801245.0,276.95763
2026-04-27T23:26:58.279,30,32,IWM260529P00253000,IWM,2026-05-29,put,253.0,1.39,47.0,1.43,97.0,1.41,1.68,16.0,0.2845,-0.1185,0.0085,-0.069,0.163,-0.0301,2026-04-27,276.86,278.23,276.25,277.1,801245.0,276.95763
2026-04-27T23:26:58.279,30,32,IWM260529P00254000,IWM,2026-05-29,put,254.0,1.48,72.0,1.52,124.0,1.5,1.54,1.0,0.2815,-0.1257,0.0089,-0.0711,0.1699,-0.0319,2026-04-27,276.86,278.23,276.25,277.1,801245.0,276.95763
2026-04-27T23:26:58.279,30,32,IWM260529P00255000,IWM,2026-05-29,put,255.0,1.63,15.0,1.67,21.0,1.65,1.63,2.0,0.2816,-0.1358,0.0094,-0.0749,0.1792,-0.0345,2026-04-27,276.86,278.23,276.25,277.1,801245.0,276.95763
2026-04-27T23:26:58.279,30,32,IWM260529P00256000,IWM,2026-05-29,put,256.0,1.7,162.0,1.79,168.0,1.745,1.77,1.0,0.2781,-0.1435,0.0099,-0.0767,0.1861,-0.0365,2026-04-27,276.86,278.23,276.25,277.1,801245.0,276.95763
2026-04-27T23:26:58.279,30,32,IWM260529P00257000,IWM,2026-05-29,put,257.0,1.86,40.0,1.91,96.0,1.885,1.9,1.0,0.2766,-0.1534,0.0104,-0.0796,0.1945,-0.039,2026-04-27,276.86,278.23,276.25,277.1,801245.0,276.95763
2026-04-27T23:26:58.279,30,32,IWM260529P00257500,IWM,2026-05-29,put,257.5,1.89,34.0,1.92,102.0,1.9049999999999998,2.22,1.0,0.2732,-0.1563,0.0107,-0.0795,0.1969,-0.0397,2026-04-27,276.86,278.23,276.25,277.1,801245.0,276.95763
2026-04-27T23:26:58.279,30,32,IWM260529P00258000,IWM,2026-05-29,put,258.0,1.99,213.0,2.0,139.0,1.995,2.0,3.0,0.2732,-0.1621,0.0109,-0.0814,0.2017,-0.0412,2026-04-27,276.86,278.23,276.25,277.1,801245.0,276.95763
2026-04-27T23:26:58.279,30,32,IWM260529P00259000,IWM,2026-05-29,put,259.0,2.09,172.0,2.13,114.0,2.11,2.21,1.0,0.2697,-0.1713,0.0115,-0.0831,0.209,-0.0435,2026-04-27,276.86,278.23,276.25,277.1,801245.0,276.95763
2026-04-27T23:26:58.279,30,32,IWM260529P00260000,IWM,2026-05-29,put,260.0,2.29,14.0,2.32,22.0,2.3049999999999997,2.27,1.0,0.2696,-0.1837,0.012,-0.0867,0.2184,-0.0467,2026-04-27,276.86,278.23,276.25,277.1,801245.0,276.95763
2026-04-27T23:26:58.279,30,32,IWM260529P00261000,IWM,2026-05-29,put,261.0,2.43,77.0,2.48,99.0,2.455,2.55,2.0,0.2668,-0.1946,0.0126,-0.0887,0.2263,-0.0495,2026-04-27,276.86,278.23,276.25,277.1,801245.0,276.95763
2026-04-27T23:26:58.279,30,32,IWM260529P00262000,IWM,2026-05-29,put,262.0,2.59,8.0,2.67,75.0,2.63,2.61,1.0,0.2648,-0.2065,0.0131,-0.0911,0.2346,-0.0526,2026-04-27,276.86,278.23,276.25,277.1,801245.0,276.95763
2026-04-27T23:26:58.279,30,32,IWM260529P00262500,IWM,2026-05-29,put,262.5,2.69,8.0,2.7,90.0,2.6950000000000003,2.99,1.0,0.2626,-0.2118,0.0134,-0.0916,0.2381,-0.0539,2026-04-27,276.86,278.23,276.25,277.1,801245.0,276.95763
2026-04-27T23:26:58.279,30,32,IWM260529P00263000,IWM,2026-05-29,put,263.0,2.73,5.0,2.79,57.0,2.76,2.85,1.0,0.2604,-0.2172,0.0137,-0.092,0.2416,-0.0553,2026-04-27,276.86,278.23,276.25,277.1,801245.0,276.95763
2026-04-27T23:26:58.279,30,32,IWM260529P00264000,IWM,2026-05-29,put,264.0,2.97,1.0,3.02,108.0,2.995,3.04,1.0,0.2599,-0.2316,0.0143,-0.095,0.2506,-0.059,2026-04-27,276.86,278.23,276.25,277.1,801245.0,276.95763
2026-04-27T23:26:58.279,30,32,IWM260529P00265000,IWM,2026-05-29,put,265.0,3.2,26.0,3.25,26.0,3.225,3.19,1.0,0.2586,-0.2459,0.0148,-0.0975,0.2589,-0.0627,2026-04-27,276.86,278.23,276.25,277.1,801245.0,276.95763
2026-04-27T23:26:58.279,30,32,IWM260529P00266000,IWM,2026-05-29,put,266.0,3.43,30.0,3.48,39.0,3.455,3.46,1.0,0.2568,-0.2604,0.0154,-0.0995,0.2668,-0.0664,2026-04-27,276.86,278.23,276.25,277.1,801245.0,276.95763
2026-04-27T23:26:58.279,30,32,IWM260529P00267000,IWM,2026-05-29,put,267.0,3.64,24.0,3.69,41.0,3.665,3.75,1.0,0.2538,-0.2746,0.016,-0.1007,0.2741,-0.07,2026-04-27,276.86,278.23,276.25,277.1,801245.0,276.95763
2026-04-27T23:26:58.279,30,32,IWM260529P00267500,IWM,2026-05-29,put,267.5,3.72,28.0,3.78,96.0,3.75,3.77,1.0,0.2514,-0.2813,0.0163,-0.1008,0.2773,-0.0718,2026-04-27,276.86,278.23,276.25,277.1,801245.0,276.95763
2026-04-27T23:26:58.279,30,32,IWM260529P00268000,IWM,2026-05-29,put,268.0,3.84,27.0,3.9,62.0,3.87,3.82,12.0,0.2502,-0.289,0.0166,-0.1014,0.2809,-0.0737,2026-04-27,276.86,278.23,276.25,277.1,801245.0,276.95763
2026-04-27T23:26:58.279,30,32,IWM260529P00269000,IWM,2026-05-29,put,269.0,4.07,1.0,4.11,65.0,4.09,4.11,40.0,0.2466,-0.3042,0.0173,-0.102,0.2876,-0.0776,2026-04-27,276.86,278.23,276.25,277.1,801245.0,276.95763
2026-04-27T23:26:58.279,30,32,IWM260529P00270000,IWM,2026-05-29,put,270.0,4.38,52.0,4.45,142.0,4.415,4.34,1.0,0.2461,-0.322,0.0177,-0.104,0.2947,-0.0822,2026-04-27,276.86,278.23,276.25,277.1,801245.0,276.95763
2026-04-27T23:26:58.279,30,32,IWM260529P00271000,IWM,2026-05-29,put,271.0,4.66,17.0,4.68,21.0,4.67,4.74,2.0,0.2427,-0.3387,0.0183,-0.1042,0.3007,-0.0865,2026-04-27,276.86,278.23,276.25,277.1,801245.0,276.95763
2026-04-27T23:26:58.279,30,32,IWM260529P00272000,IWM,2026-05-29,put,272.0,4.87,4.0,4.97,52.0,4.92,5.06,2.0,0.2387,-0.3557,0.019,-0.1039,0.3063,-0.0909,2026-04-27,276.86,278.23,276.25,277.1,801245.0,276.95763
2026-04-27T23:26:58.279,30,32,IWM260529P00272500,IWM,2026-05-29,put,272.5,5.18,7.0,5.2,16.0,5.1899999999999995,7.16,1.0,0.2412,-0.3665,0.019,-0.1059,0.3094,-0.0938,2026-04-27,276.86,278.23,276.25,277.1,801245.0,276.95763
2026-04-27T23:26:58.279,30,32,IWM260529P00273000,IWM,2026-05-29,put,273.0,5.2,13.0,5.24,77.0,5.220000000000001,5.57,1.0,0.2358,-0.3741,0.0195,-0.1039,0.3115,-0.0956,2026-04-27,276.86,278.23,276.25,277.1,801245.0,276.95763
2026-04-27T23:26:58.279,30,32,IWM260529P00274000,IWM,2026-05-29,put,274.0,5.51,12.0,5.7,13.0,5.605,5.92,1.0,0.235,-0.3938,0.0199,-0.1047,0.3163,-0.1008,2026-04-27,276.86,278.23,276.25,277.1,801245.0,276.95763
2026-04-27T23:26:58.279,30,32,IWM260529P00275000,IWM,2026-05-29,put,275.0,6.09,11.0,6.12,2.0,6.105,5.98,2.0,0.2372,-0.4147,0.02,-0.1067,0.3204,-0.1063,2026-04-27,276.86,278.23,276.25,277.1,801245.0,276.95763
2026-04-27T23:26:58.279,30,32,IWM260529P00276000,IWM,2026-05-29,put,276.0,6.34,10.0,6.42,13.0,6.38,6.61,1.0,0.2318,-0.434,0.0207,-0.1045,0.3234,-0.1112,2026-04-27,276.86,278.23,276.25,277.1,801245.0,276.95763
2026-04-27T23:26:58.279,30,32,IWM260529P00277000,IWM,2026-05-29,put,277.0,6.67,30.0,6.98,110.0,6.825,6.82,1.0,0.231,-0.4548,0.0209,-0.1043,0.3258,-0.1167,2026-04-27,276.86,278.23,276.25,277.1,801245.0,276.95763
2026-04-27T23:26:58.279,30,32,IWM260529P00278000,IWM,2026-05-29,put,278.0,7.17,9.0,7.26,15.0,7.215,7.51,1.0,0.2279,-0.4758,0.0213,-0.1027,0.3273,-0.1221,2026-04-27,276.86,278.23,276.25,277.1,801245.0,276.95763
2026-04-27T23:26:58.279,30,32,IWM260529P00279000,IWM,2026-05-29,put,279.0,7.58,9.0,7.79,82.0,7.6850000000000005,7.71,6.0,0.2266,-0.4971,0.0214,-0.1016,0.3279,-0.1277,2026-04-27,276.86,278.23,276.25,277.1,801245.0,276.95763
2026-04-27T23:26:58.279,30,32,IWM260529P00280000,IWM,2026-05-29,put,280.0,8.17,24.0,8.35,63.0,8.26,8.33,1.0,0.2279,-0.5181,0.0213,-0.1015,0.3276,-0.1333,2026-04-27,276.86,278.23,276.25,277.1,801245.0,276.95763
2026-04-27T23:26:58.279,30,32,IWM260529P00281000,IWM,2026-05-29,put,281.0,8.48,1.0,8.6,12.0,8.54,10.46,1.0,0.2195,-0.5416,0.022,-0.096,0.3261,-0.1393,2026-04-27,276.86,278.23,276.25,277.1,801245.0,276.95763
2026-04-27T23:26:58.279,30,32,IWM260529P00282000,IWM,2026-05-29,put,282.0,9.02,30.0,9.46,9.0,9.24,10.89,1.0,0.2234,-0.5617,0.0215,-0.0966,0.324,-0.1448,2026-04-27,276.86,278.23,276.25,277.1,801245.0,276.95763
2026-04-27T23:26:58.279,30,32,IWM260529P00283000,IWM,2026-05-29,put,283.0,9.69,7.0,9.82,42.0,9.754999999999999,12.74,1.0,0.2208,-0.584,0.0215,-0.0935,0.3206,-0.1507,2026-04-27,276.86,278.23,276.25,277.1,801245.0,276.95763
2026-04-27T23:26:58.279,30,32,IWM260529P00284000,IWM,2026-05-29,put,284.0,10.44,6.0,10.55,20.0,10.495000000000001,13.34,1.0,0.2247,-0.6027,0.0209,-0.0936,0.317,-0.1559,2026-04-27,276.86,278.23,276.25,277.1,801245.0,276.95763
2026-04-27T23:26:58.279,30,32,IWM260529P00285000,IWM,2026-05-29,put,285.0,11.04,4.0,11.1,20.0,11.07,12.69,1.0,0.2227,-0.6242,0.0207,-0.0902,0.3119,-0.1616,2026-04-27,276.86,278.23,276.25,277.1,801245.0,276.95763
2026-04-27T23:26:58.279,30,32,IWM260529P00286000,IWM,2026-05-29,put,286.0,11.42,26.0,11.76,28.0,11.59,12.89,20.0,0.2183,-0.6474,0.0207,-0.085,0.3053,-0.1677,2026-04-27,276.86,278.23,276.25,277.1,801245.0,276.95763
2026-04-27T23:26:58.279,30,32,IWM260529P00287000,IWM,2026-05-29,put,287.0,12.27,3.0,12.53,1.0,12.399999999999999,12.55,1.0,0.2227,-0.6637,0.0199,-0.0847,0.2999,-0.1724,2026-04-27,276.86,278.23,276.25,277.1,801245.0,276.95763
2026-04-27T23:26:58.279,30,32,IWM260529P00288000,IWM,2026-05-29,put,288.0,13.18,1.0,13.32,10.0,13.25,14.24,2.0,0.2279,-0.6783,0.0191,-0.0848,0.2946,-0.1767,2026-04-27,276.86,278.23,276.25,277.1,801245.0,276.95763
2026-04-27T23:26:58.279,30,32,IWM260529P00289000,IWM,2026-05-29,put,289.0,13.77,1.0,13.94,1.0,13.855,,,0.2243,-0.6997,0.0189,-0.0795,0.2859,-0.1824,2026-04-27,276.86,278.23,276.25,277.1,801245.0,276.95763
2026-04-27T23:26:58.279,30,32,IWM260529P00290000,IWM,2026-05-29,put,290.0,14.61,1.0,14.75,1.0,14.68,14.45,2.0,0.2278,-0.7142,0.0182,-0.0782,0.2794,-0.1867,2026-04-27,276.86,278.23,276.25,277.1,801245.0,276.95763
2026-04-27T23:26:58.279,30,32,IWM260529P00291000,IWM,2026-05-29,put,291.0,15.48,10.0,15.58,10.0,15.530000000000001,,,0.2317,-0.7275,0.0174,-0.0772,0.2731,-0.1907,2026-04-27,276.86,278.23,276.25,277.1,801245.0,276.95763
2026-04-27T23:26:58.279,30,32,IWM260529P00292000,IWM,2026-05-29,put,292.0,16.03,15.0,16.09,10.0,16.060000000000002,14.93,1.0,0.2231,-0.7527,0.0172,-0.0681,0.2597,-0.1973,2026-04-27,276.86,278.23,276.25,277.1,801245.0,276.95763
2026-04-27T23:26:58.279,30,32,IWM260529P00293000,IWM,2026-05-29,put,293.0,16.45,15.0,16.91,10.0,16.68,,,0.2168,-0.7758,0.0168,-0.0602,0.246,-0.2035,2026-04-27,276.86,278.23,276.25,277.1,801245.0,276.95763
2026-04-27T23:26:58.279,30,32,IWM260529P00294000,IWM,2026-05-29,put,294.0,17.9,1.0,18.06,1.0,17.979999999999997,,,0.2373,-0.7689,0.0156,-0.0697,0.2503,-0.2029,2026-04-27,276.86,278.23,276.25,277.1,801245.0,276.95763
2026-04-27T23:26:58.279,30,32,IWM260529P00295000,IWM,2026-05-29,put,295.0,18.6,1.0,18.75,1.0,18.675,20.8,1.0,0.2332,-0.7877,0.0151,-0.0632,0.2384,-0.2081,2026-04-27,276.86,278.23,276.25,277.1,801245.0,276.95763
2026-04-27T23:26:58.279,30,32,IWM260529P00296000,IWM,2026-05-29,put,296.0,19.27,1.0,19.68,1.0,19.475,,,0.2327,-0.8022,0.0145,-0.059,0.2286,-0.2123,2026-04-27,276.86,278.23,276.25,277.1,801245.0,276.95763
2026-04-27T23:26:58.279,30,32,IWM260529P00297000,IWM,2026-05-29,put,297.0,20.14,1.0,20.3,1.0,20.22,,,0.2291,-0.8196,0.014,-0.0526,0.216,-0.2172,2026-04-27,276.86,278.23,276.25,277.1,801245.0,276.95763
2026-04-27T23:26:58.279,30,32,IWM260529P00298000,IWM,2026-05-29,put,298.0,21.19,13.0,21.65,13.0,21.42,,,0.2459,-0.814,0.0133,-0.0599,0.2202,-0.2169,2026-04-27,276.86,278.23,276.25,277.1,801245.0,276.95763
2026-04-27T23:26:58.279,30,32,IWM260529P00299000,IWM,2026-05-29,put,299.0,21.65,1.0,22.04,1.0,21.845,,,0.2256,-0.8483,0.0127,-0.0424,0.1931,-0.2256,2026-04-27,276.86,278.23,276.25,277.1,801245.0,276.95763
2026-04-27T23:26:58.279,30,32,IWM260529P00300000,IWM,2026-05-29,put,300.0,22.7,1.0,22.99,10.0,22.845,23.24,3.0,0.2328,-0.8518,0.0121,-0.0433,0.1902,-0.2273,2026-04-27,276.86,278.23,276.25,277.1,801245.0,276.95763
2026-04-27T23:26:58.279,30,32,IWM260529P00305000,IWM,2026-05-29,put,305.0,27.71,1.0,28.43,10.0,28.07,28.0,2.0,0.2799,-0.8543,0.0099,-0.0557,0.1879,-0.2325,2026-04-27,276.86,278.23,276.25,277.1,801245.0,276.95763
2026-04-27T23:26:58.279,30,32,IWM260529P00310000,IWM,2026-05-29,put,310.0,32.759,10.0,32.8,1.0,32.7795,32.47,1.0,0.2968,-0.88,0.0082,-0.0486,0.1644,-0.2429,2026-04-27,276.86,278.23,276.25,277.1,801245.0,276.95763
2026-04-27T23:26:58.279,30,32,IWM260529P00315000,IWM,2026-05-29,put,315.0,37.96,1.0,38.09,1.0,38.025000000000006,,,0.3436,-0.8768,0.0072,-0.0618,0.1675,-0.2468,2026-04-27,276.86,278.23,276.25,277.1,801245.0,276.95763
2026-04-27T23:26:58.279,30,32,IWM260529P00320000,IWM,2026-05-29,put,320.0,43.29,1.0,43.41,1.0,43.349999999999994,,,0.3944,-0.871,0.0065,-0.0781,0.173,-0.25,2026-04-27,276.86,278.23,276.25,277.1,801245.0,276.95763
